step,fitness,genome
0,5.2198121223567504e-05,"[0 1 0 1 1 1 1 1 1 0 0 0 0 0 0 0 0 0 0 1 1 1 0 1 1 1 1 1 1 1 0 0 1 1 1 1 0 1 1 1]"
0,0.37095657200061144,"[1 1 1 0 0 1 1 1 1 1 0 1 0 1 0 0 1 1 0 1 0 1 1 1 0 0 1 0 0 0 1 0 0 1 0 1 1 0 1 1]"
0,0.1792014837750786,"[1 1 0 1 0 1 1 1 1 0 0 1 0 0 0 0 0 0 0 1 1 1 0 1 1 0 1 1 1 0 0 0 1 1 1 1 0 1 1 1]"
0,0.001741707348932735,"[1 0 0 0 0 1 1 1 1 0 0 1 1 1 1 1 1 1 0 1 0 0 0 1 1 0 0 1 1 0 0 0 0 0 0 1 1 1 1 0]"
0,0.09182733744629774,"[1 1 0 0 1 0 0 1 1 0 0 1 1 1 1 1 0 0 1 0 0 1 0 0 0 1 1 1 0 1 0 0 0 0 1 1 0 0 0 0]"
0,0.6486947376471405,"[1 1 1 1 0 1 0 1 0 0 1 0 1 0 0 0 0 0 1 0 0 1 1 0 0 0 1 1 1 0 0 1 0 0 0 0 0 0 0 0]"
0,0.007813879008411038,"[1 0 0 1 1 1 0 1 1 0 0 1 0 1 1 0 1 1 0 1 1 0 1 0 0 0 1 0 0 1 1 1 1 1 1 0 1 0 0 0]"
0,0.0027469407704484167,"[1 0 0 0 1 1 0 1 1 1 1 1 0 0 1 0 0 1 0 1 0 0 1 0 0 0 1 1 1 1 1 0 0 1 0 0 1 1 1 0]"
0,0.007812910624594433,"[1 0 0 1 1 1 0 1 1 0 0 1 0 1 1 0 0 1 0 1 1 0 1 0 0 0 1 0 0 1 1 1 1 1 0 0 1 0 0 0]"
0,0.004250548002923789,"[1 0 0 1 0 1 0 0 0 1 0 0 0 1 1 1 1 1 0 1 1 0 0 0 0 0 1 0 1 0 0 0 0 0 1 1 1 0 0 1]"
0,1.2299794371606289e-05,"[0 1 0 1 0 0 1 0 1 0 1 0 0 1 0 1 1 1 0 0 0 0 1 0 1 1 1 0 1 1 0 0 1 1 0 0 0 0 0 1]"
0,4.502792723421652e-05,"[0 1 0 1 1 1 1 0 0 0 0 1 1 0 0 1 1 0 0 0 0 1 0 0 1 1 0 1 0 1 0 0 1 1 1 1 0 1 1 0]"
0,0.03934831505974144,"[1 0 1 1 1 0 0 1 0 0 1 1 1 1 0 1 0 0 1 1 0 0 1 1 0 1 0 1 0 1 1 0 1 1 0 0 0 1 0 1]"
0,0.001091234575430617,"[1 0 0 0 0 0 0 1 0 1 1 0 1 1 0 1 1 1 0 1 0 1 1 0 0 1 1 1 1 1 0 0 1 0 0 1 1 1 1 0]"
0,0.2377188050535232,"[1 1 0 1 1 1 0 1 1 0 1 1 1 1 0 1 1 0 1 1 1 1 0 0 1 1 0 0 1 0 1 1 1 1 1 0 1 1 0 0]"
0,0.0005039088808752434,"[0 1 1 1 0 1 1 1 1 1 0 0 1 1 1 0 0 0 0 1 1 0 0 0 1 0 0 0 0 0 1 1 0 1 0 0 0 1 0 0]"
0,0.001741707348932735,"[1 0 0 0 0 1 1 1 1 0 0 1 1 1 1 1 1 1 0 1 0 0 0 1 1 0 0 1 1 0 0 0 0 0 0 1 1 1 1 0]"
0,0.0018163845919184657,"[1 0 0 0 1 0 0 0 0 0 1 1 0 0 0 1 1 1 1 0 0 0 1 0 1 1 1 0 1 1 1 0 1 1 1 1 1 1 0 0]"
0,7.209765685848159e-12,"[0 0 0 1 0 0 1 1 1 0 1 0 1 1 1 0 0 0 1 0 1 0 0 1 0 0 1 1 1 0 1 0 0 1 0 0 1 0 1 0]"
0,4.502792723421652e-05,"[0 1 0 1 1 1 1 0 0 0 0 1 1 0 0 1 1 0 0 0 0 1 0 0 1 1 0 1 0 1 0 0 1 1 1 1 0 1 1 0]"
0,3.5314253568449107e-07,"[0 0 1 1 1 0 0 1 1 1 1 1 0 0 1 0 1 0 0 1 0 0 0 1 1 0 1 0 1 0 1 1 1 0 1 1 1 1 0 0]"
0,0.014538361044912816,"[1 0 1 0 0 1 1 1 1 0 1 0 1 1 1 1 0 0 0 1 0 1 1 1 1 0 1 1 0 1 1 1 0 0 0 1 0 1 0 0]"
0,0.026334198479570654,"[1 0 1 1 0 0 0 1 1 1 1 1 0 0 1 0 1 0 0 1 0 0 0 1 1 0 1 0 0 0 1 1 0 0 1 1 1 1 0 0]"
0,0.004250548002923789,"[1 0 0 1 0 1 0 0 0 1 0 0 0 1 1 1 1 1 0 1 1 0 0 0 0 0 1 0 1 0 0 0 0 0 1 1 1 0 0 1]"
0,0.0002601041134956893,"[0 1 1 1 0 0 0 0 0 0 1 0 0 0 1 1 0 1 1 1 0 0 1 1 1 1 0 0 1 1 0 1 0 1 1 0 0 1 0 0]"
0,1.1043766308819113e-07,"[0 0 1 1 0 0 1 1 1 0 0 1 0 1 1 0 1 0 0 1 1 1 1 0 0 1 1 1 1 0 1 1 1 0 1 0 1 1 1 0]"
0,0.007331222962488893,"[1 0 0 1 1 1 0 0 1 0 0 1 0 1 1 0 0 1 1 1 0 0 1 0 1 0 1 0 0 0 0 1 1 1 0 0 1 0 0 1]"
0,0.003950380315197498,"[1 0 0 1 0 0 1 1 0 0 1 1 0 0 1 0 1 1 0 1 1 0 1 1 0 1 0 1 1 1 1 1 1 1 1 0 0 0 0 0]"
0,0.00025165790130055456,"[0 1 1 0 1 1 1 1 1 1 0 0 0 1 0 0 1 1 0 1 0 1 1 1 0 1 1 0 0 1 1 0 0 1 0 1 1 0 1 1]"
0,0.1054178935478561,"[1 1 0 0 1 1 0 0 0 1 1 0 1 1 0 0 0 1 1 1 1 1 0 0 0 1 0 1 1 0 1 1 0 1 0 1 1 0 0 0]"
0,0.24946100109916966,"[1 1 0 1 1 1 1 0 1 1 0 1 0 0 0 0 0 0 0 1 0 1 1 0 1 1 0 1 1 0 1 1 1 1 1 0 1 0 1 1]"
0,0.007812910624594433,"[1 0 0 1 1 1 0 1 1 0 0 1 0 1 1 0 0 1 0 1 1 0 1 0 0 0 1 0 0 1 1 1 1 1 0 0 1 0 0 0]"
0,0.5409247247289873,"[1 1 1 1 0 0 0 0 1 0 1 1 1 1 1 0 0 0 1 1 0 1 0 0 1 0 0 0 1 0 0 1 1 0 0 0 0 1 1 0]"
0,0.0005039088808752434,"[0 1 1 1 0 1 1 1 1 1 0 0 1 1 1 0 0 0 0 1 1 0 0 0 1 0 0 0 0 0 1 1 0 1 0 0 0 1 0 0]"
0,0.0014792474932852568,"[1 0 0 0 0 1 0 1 0 1 1 0 1 1 0 1 0 1 0 1 0 1 1 0 0 1 1 1 1 0 1 0 1 0 0 1 1 1 1 0]"
0,0.0865234192546532,"[1 1 0 0 1 0 0 0 0 1 1 0 1 1 0 0 1 1 1 1 1 0 0 0 0 1 0 1 1 1 0 1 0 1 0 1 1 0 0 0]"
0,0.0005039088808752434,"[0 1 1 1 0 1 1 1 1 1 0 0 1 1 1 0 0 0 0 1 1 0 0 0 1 0 0 0 0 0 1 1 0 1 0 0 0 1 0 0]"
0,2.4401510444366285e-05,"[0 1 0 1 1 0 0 0 1 0 0 0 0 0 1 0 0 0 0 0 0 0 0 0 0 1 1 0 0 0 1 1 1 0 1 0 1 0 0 0]"
0,0.0005039088808752434,"[0 1 1 1 0 1 1 1 1 1 0 0 1 1 1 0 0 0 0 1 1 0 0 0 1 0 0 0 0 0 1 1 0 1 0 0 0 1 0 0]"
0,7.615489281131211e-06,"[0 1 0 0 1 1 1 0 1 1 0 0 0 1 1 1 0 1 1 0 0 1 0 0 0 0 0 0 0 1 0 0 0 1 1 0 1 1 1 0]"
0,0.2377188050535232,"[1 1 0 1 1 1 0 1 1 0 1 1 1 1 0 1 1 0 1 1 1 1 0 0 1 1 0 0 1 0 1 1 1 1 1 0 1 1 0 0]"
0,0.051254932863329994,"[1 0 1 1 1 1 1 0 0 0 1 1 0 0 1 1 1 0 0 0 1 0 0 1 1 1 0 1 1 1 1 0 0 0 1 1 0 0 0 0]"
0,0.004770828622704256,"[1 0 0 1 0 1 1 0 0 0 0 0 0 0 0 0 1 0 1 1 0 1 1 1 0 0 0 1 0 0 1 0 1 1 0 0 0 1 1 1]"
0,4.502792723421652e-05,"[0 1 0 1 1 1 1 0 0 0 0 1 1 0 0 1 1 0 0 0 0 1 0 0 1 1 0 1 0 1 0 0 1 1 1 1 0 1 1 0]"
0,0.0027473187627780845,"[1 0 0 0 1 1 0 1 1 1 1 1 0 0 1 0 1 1 0 1 0 0 1 0 0 0 1 1 1 1 1 0 0 1 1 0 1 1 1 0]"
0,0.01167350194775605,"[1 0 1 0 0 1 0 0 0 0 0 0 1 0 1 1 0 0 1 1 1 1 0 0 1 1 1 0 1 0 1 1 1 1 1 1 1 1 0 0]"
0,6.990808774435092e-06,"[0 1 0 0 1 1 1 0 0 0 0 1 1 0 1 1 1 0 0 0 0 1 0 0 1 1 0 0 0 1 0 0 0 1 1 1 0 1 1 0]"
0,0.0005495199606545126,"[0 1 1 1 1 0 0 0 1 1 0 1 1 0 0 1 0 0 0 0 0 0 0 1 0 1 1 1 0 1 1 1 1 1 1 1 0 1 0 0]"
0,7.615489281131211e-06,"[0 1 0 0 1 1 1 0 1 1 0 0 0 1 1 1 0 1 1 0 0 1 0 0 0 0 0 0 0 1 0 0 0 1 1 0 1 1 1 0]"
0,0.00109122942948159,"[1 0 0 0 0 0 0 1 0 1 1 0 1 1 0 1 1 1 0 1 0 0 1 0 0 1 1 1 1 1 0 0 1 0 0 1 1 1 1 0]"
1,0.0005728338358668081,"[0 1 1 1 1 0 0 1 0 1 0 1 1 0 0 1 1 1 0 1 0 0 0 1 0 1 1 1 0 1 1 1 1 1 1 1 0 1 0 0]"
1,0.003817401602237043,"[1 0 0 1 0 0 1 0 1 0 1 1 0 0 1 0 0 0 0 0 1 0 1 1 0 1 0 1 1 1 1 1 1 1 1 0 0 0 0 0]"
1,0.006413458156459705,"[1 0 0 1 1 0 1 0 1 0 0 0 0 0 0 1 1 1 1 0 0 0 1 0 1 1 0 0 1 1 1 0 1 1 1 1 1 1 0 0]"
1,9.592737601889746e-05,"[0 1 1 0 0 1 0 1 0 1 1 1 1 1 1 0 0 0 0 1 1 0 0 0 1 0 1 0 0 0 1 1 0 1 0 0 0 1 0 0]"
1,0.001741707348932735,"[1 0 0 0 0 1 1 1 1 0 0 1 1 1 1 1 1 1 0 1 0 0 0 1 1 0 0 1 1 0 0 0 0 0 0 1 1 1 1 0]"
1,0.0865234192546532,"[1 1 0 0 1 0 0 0 0 1 1 0 1 1 0 0 1 1 1 1 1 0 0 0 0 1 0 1 1 1 0 1 0 1 0 1 1 0 0 0]"
1,0.014539201091464164,"[1 0 1 0 0 1 1 1 1 0 1 0 1 1 1 1 0 1 0 1 0 1 1 1 0 0 1 1 0 1 1 0 0 0 0 1 1 1 1 0]"
1,0.0014791400817997793,"[1 0 0 0 0 1 0 1 0 1 1 0 1 1 0 1 0 0 0 1 0 1 1 0 1 1 1 1 1 0 1 1 1 0 0 1 0 1 0 0]"
1,0.7190948480880279,"[1 1 1 1 0 1 1 1 1 0 1 1 0 0 1 0 0 0 0 1 1 1 0 1 1 0 1 1 1 0 0 0 1 0 1 1 0 1 1 0]"
1,0.008054784786294102,"[1 0 0 1 1 1 1 0 0 0 0 1 0 0 0 1 1 0 0 0 1 0 0 1 1 1 0 1 1 1 1 0 0 1 1 1 0 0 0 1]"
1,0.011667596386764435,"[1 0 1 0 0 1 0 0 0 0 0 0 1 0 0 1 0 0 0 1 1 1 0 0 1 1 1 0 1 0 1 1 1 1 1 1 1 1 0 0]"
1,0.0014801680220150016,"[1 0 0 0 0 1 0 1 0 1 1 0 1 1 1 1 0 1 1 1 0 1 1 0 0 1 1 1 1 0 1 0 1 0 0 1 1 1 1 0]"
1,0.2415930906595077,"[1 1 0 1 1 1 1 0 0 0 0 1 1 0 0 1 1 0 0 1 0 1 0 0 1 1 0 1 0 1 0 0 1 1 1 1 0 1 1 0]"
1,4.3340345120583663e-05,"[0 1 0 1 1 1 0 1 1 0 1 1 1 1 0 1 1 0 1 0 1 1 0 0 1 1 0 0 1 0 1 1 1 1 1 0 1 1 0 0]"
1,0.23772436692281287,"[1 1 0 1 1 1 0 1 1 0 1 1 1 1 0 1 1 1 0 1 1 1 1 0 1 1 0 0 1 0 1 1 1 1 1 0 1 1 0 0]"
1,0.0014791899773508176,"[1 0 0 0 0 1 0 1 0 1 1 0 1 1 0 1 0 0 1 1 0 1 0 0 0 1 1 1 1 0 1 0 1 0 0 1 1 1 1 0]"
1,0.5409247247289873,"[1 1 1 1 0 0 0 0 1 0 1 1 1 1 1 0 0 0 1 1 0 1 0 0 1 0 0 0 1 0 0 1 1 0 0 0 0 1 1 0]"
1,0.5409247247289873,"[1 1 1 1 0 0 0 0 1 0 1 1 1 1 1 0 0 0 1 1 0 1 0 0 1 0 0 0 1 0 0 1 1 0 0 0 0 1 1 0]"
1,0.09182733744629774,"[1 1 0 0 1 0 0 1 1 0 0 1 1 1 1 1 0 0 1 0 0 1 0 0 0 1 1 1 0 1 0 0 0 0 1 1 0 0 0 0]"
1,0.2377188050535232,"[1 1 0 1 1 1 0 1 1 0 1 1 1 1 0 1 1 0 1 1 1 1 0 0 1 1 0 0 1 0 1 1 1 1 1 0 1 1 0 0]"
1,0.0005039088808752434,"[0 1 1 1 0 1 1 1 1 1 0 0 1 1 1 0 0 0 0 1 1 0 0 0 1 0 0 0 0 0 1 1 0 1 0 0 0 1 0 0]"
1,0.2377188050535232,"[1 1 0 1 1 1 0 1 1 0 1 1 1 1 0 1 1 0 1 1 1 1 0 0 1 1 0 0 1 0 1 1 1 1 1 0 1 1 0 0]"
1,0.00025165790130055456,"[0 1 1 0 1 1 1 1 1 1 0 0 0 1 0 0 1 1 0 1 0 1 1 1 0 1 1 0 0 1 1 0 0 1 0 1 1 0 1 1]"
1,6.990808774435092e-06,"[0 1 0 0 1 1 1 0 0 0 0 1 1 0 1 1 1 0 0 0 0 1 0 0 1 1 0 0 0 1 0 0 0 1 1 1 0 1 1 0]"
1,0.09182733744629774,"[1 1 0 0 1 0 0 1 1 0 0 1 1 1 1 1 0 0 1 0 0 1 0 0 0 1 1 1 0 1 0 0 0 0 1 1 0 0 0 0]"
1,0.2377188050535232,"[1 1 0 1 1 1 0 1 1 0 1 1 1 1 0 1 1 0 1 1 1 1 0 0 1 1 0 0 1 0 1 1 1 1 1 0 1 1 0 0]"
1,0.0027473187627780845,"[1 0 0 0 1 1 0 1 1 1 1 1 0 0 1 0 1 1 0 1 0 0 1 0 0 0 1 1 1 1 1 0 0 1 1 0 1 1 1 0]"
1,4.502792723421652e-05,"[0 1 0 1 1 1 1 0 0 0 0 1 1 0 0 1 1 0 0 0 0 1 0 0 1 1 0 1 0 1 0 0 1 1 1 1 0 1 1 0]"
1,0.03934831505974144,"[1 0 1 1 1 0 0 1 0 0 1 1 1 1 0 1 0 0 1 1 0 0 1 1 0 1 0 1 0 1 1 0 1 1 0 0 0 1 0 1]"
1,0.007812910624594433,"[1 0 0 1 1 1 0 1 1 0 0 1 0 1 1 0 0 1 0 1 1 0 1 0 0 0 1 0 0 1 1 1 1 1 0 0 1 0 0 0]"
1,0.2377188050535232,"[1 1 0 1 1 1 0 1 1 0 1 1 1 1 0 1 1 0 1 1 1 1 0 0 1 1 0 0 1 0 1 1 1 1 1 0 1 1 0 0]"
1,0.5409247247289873,"[1 1 1 1 0 0 0 0 1 0 1 1 1 1 1 0 0 0 1 1 0 1 0 0 1 0 0 0 1 0 0 1 1 0 0 0 0 1 1 0]"
1,0.2377188050535232,"[1 1 0 1 1 1 0 1 1 0 1 1 1 1 0 1 1 0 1 1 1 1 0 0 1 1 0 0 1 0 1 1 1 1 1 0 1 1 0 0]"
1,0.004770828622704256,"[1 0 0 1 0 1 1 0 0 0 0 0 0 0 0 0 1 0 1 1 0 1 1 1 0 0 0 1 0 0 1 0 1 1 0 0 0 1 1 1]"
1,0.0027469407704484167,"[1 0 0 0 1 1 0 1 1 1 1 1 0 0 1 0 0 1 0 1 0 0 1 0 0 0 1 1 1 1 1 0 0 1 0 0 1 1 1 0]"
1,0.0027473187627780845,"[1 0 0 0 1 1 0 1 1 1 1 1 0 0 1 0 1 1 0 1 0 0 1 0 0 0 1 1 1 1 1 0 0 1 1 0 1 1 1 0]"
1,0.007812910624594433,"[1 0 0 1 1 1 0 1 1 0 0 1 0 1 1 0 0 1 0 1 1 0 1 0 0 0 1 0 0 1 1 1 1 1 0 0 1 0 0 0]"
1,0.007812910624594433,"[1 0 0 1 1 1 0 1 1 0 0 1 0 1 1 0 0 1 0 1 1 0 1 0 0 0 1 0 0 1 1 1 1 1 0 0 1 0 0 0]"
1,0.014538361044912816,"[1 0 1 0 0 1 1 1 1 0 1 0 1 1 1 1 0 0 0 1 0 1 1 1 1 0 1 1 0 1 1 1 0 0 0 1 0 1 0 0]"
1,0.014538361044912816,"[1 0 1 0 0 1 1 1 1 0 1 0 1 1 1 1 0 0 0 1 0 1 1 1 1 0 1 1 0 1 1 1 0 0 0 1 0 1 0 0]"
1,0.2239673220475379,"[1 1 0 1 1 1 0 0 0 1 1 0 1 1 0 0 0 1 1 1 1 1 0 0 0 1 0 1 1 0 1 1 0 1 0 1 1 1 0 0]"
1,0.11241188528544,"[1 1 0 0 1 1 0 1 1 0 1 1 1 1 0 1 1 0 1 1 1 1 0 0 1 1 0 0 1 0 1 1 1 1 1 0 1 0 0 0]"
1,0.0865234192546532,"[1 1 0 0 1 0 0 0 0 1 1 0 1 1 0 0 1 1 1 1 1 0 0 0 0 1 0 1 1 1 0 1 0 1 0 1 1 0 0 0]"
1,0.2377188050535232,"[1 1 0 1 1 1 0 1 1 0 1 1 1 1 0 1 1 0 1 1 1 1 0 0 1 1 0 0 1 0 1 1 1 1 1 0 1 1 0 0]"
1,0.00025165790130055456,"[0 1 1 0 1 1 1 1 1 1 0 0 0 1 0 0 1 1 0 1 0 1 1 1 0 1 1 0 0 1 1 0 0 1 0 1 1 0 1 1]"
1,0.1054178935478561,"[1 1 0 0 1 1 0 0 0 1 1 0 1 1 0 0 0 1 1 1 1 1 0 0 0 1 0 1 1 0 1 1 0 1 0 1 1 0 0 0]"
1,0.026334198479570654,"[1 0 1 1 0 0 0 1 1 1 1 1 0 0 1 0 1 0 0 1 0 0 0 1 1 0 1 0 0 0 1 1 0 0 1 1 1 1 0 0]"
1,0.0865234192546532,"[1 1 0 0 1 0 0 0 0 1 1 0 1 1 0 0 1 1 1 1 1 0 0 0 0 1 0 1 1 1 0 1 0 1 0 1 1 0 0 0]"
1,0.0005495199606545126,"[0 1 1 1 1 0 0 0 1 1 0 1 1 0 0 1 0 0 0 0 0 0 0 1 0 1 1 1 0 1 1 1 1 1 1 1 0 1 0 0]"
1,0.0002601041134956893,"[0 1 1 1 0 0 0 0 0 0 1 0 0 0 1 1 0 1 1 1 0 0 1 1 1 1 0 0 1 1 0 1 0 1 1 0 0 1 0 0]"
2,0.1865376444902777,"[1 1 0 1 1 0 0 0 0 1 1 0 1 1 0 1 1 1 1 1 1 0 0 0 1 1 0 1 1 1 1 1 0 1 1 1 1 0 0 0]"
2,0.11239050195958092,"[1 1 0 0 1 1 0 1 1 0 1 1 1 1 0 0 1 0 1 1 1 1 0 0 0 1 0 0 1 0 0 1 1 1 0 0 1 1 0 0]"
2,0.007812910624594433,"[1 0 0 1 1 1 0 1 1 0 0 1 0 1 1 0 0 1 0 1 1 0 1 0 0 0 1 0 0 1 1 1 1 1 0 0 1 0 0 0]"
2,0.03934831505974144,"[1 0 1 1 1 0 0 1 0 0 1 1 1 1 0 1 0 0 1 1 0 0 1 1 0 1 0 1 0 1 1 0 1 1 0 0 0 1 0 1]"
2,0.0027473187627780845,"[1 0 0 0 1 1 0 1 1 1 1 1 0 0 1 0 1 1 0 1 0 0 1 0 0 0 1 1 1 1 1 0 0 1 1 0 1 1 1 0]"
2,0.014538361044912816,"[1 0 1 0 0 1 1 1 1 0 1 0 1 1 1 1 0 0 0 1 0 1 1 1 1 0 1 1 0 1 1 1 0 0 0 1 0 1 0 0]"
2,0.011667596386764435,"[1 0 1 0 0 1 0 0 0 0 0 0 1 0 0 1 0 0 0 1 1 1 0 0 1 1 1 0 1 0 1 1 1 1 1 1 1 1 0 0]"
2,0.0027469407704484167,"[1 0 0 0 1 1 0 1 1 1 1 1 0 0 1 0 0 1 0 1 0 0 1 0 0 0 1 1 1 1 1 0 0 1 0 0 1 1 1 0]"
2,0.07560859578233046,"[1 1 0 0 0 1 0 1 1 0 1 1 1 1 0 1 1 0 1 1 1 1 0 0 1 1 0 0 1 1 1 1 1 1 1 0 0 0 0 0]"
2,0.023169750302120314,"[1 0 1 0 1 1 1 1 1 0 1 0 1 1 1 1 0 0 0 1 0 1 1 1 1 0 1 1 0 0 1 1 0 0 0 1 1 1 0 0]"
2,0.10416533541249608,"[1 1 0 0 1 1 0 0 0 0 1 0 1 1 0 1 1 1 1 1 1 0 0 0 0 1 0 1 1 1 0 1 0 1 0 1 1 0 0 0]"
2,0.0935061198989237,"[1 1 0 0 1 0 0 1 1 1 1 1 1 1 0 0 1 0 1 1 1 1 0 0 1 1 0 0 1 0 1 1 1 1 1 0 1 0 0 0]"
2,0.0015346196269199884,"[1 0 0 0 0 1 0 1 1 1 1 0 1 0 1 1 0 0 0 1 0 1 1 1 1 1 1 1 1 0 1 1 1 0 0 1 0 1 0 0]"
2,0.7049326269537722,"[1 1 1 1 0 1 1 1 0 0 1 1 0 1 0 0 0 0 0 1 1 1 0 0 1 0 1 1 1 0 0 0 1 0 1 1 0 1 1 0]"
2,0.014538361044912816,"[1 0 1 0 0 1 1 1 1 0 1 0 1 1 1 1 0 0 0 1 0 1 1 1 1 0 1 1 0 1 1 1 0 0 0 1 0 1 0 0]"
2,0.0865234192546532,"[1 1 0 0 1 0 0 0 0 1 1 0 1 1 0 0 1 1 1 1 1 0 0 0 0 1 0 1 1 1 0 1 0 1 0 1 1 0 0 0]"
2,0.07515106884208117,"[1 1 0 0 0 1 0 1 1 0 0 1 1 1 1 1 0 0 0 0 0 1 0 1 0 1 1 1 0 1 0 0 0 0 1 1 0 0 0 0]"
2,0.018403881224887824,"[1 0 1 0 1 0 1 1 1 0 1 0 1 1 1 1 0 0 1 1 0 1 1 0 1 0 1 1 0 1 1 1 0 0 0 1 0 1 0 0]"
2,0.2377188050535232,"[1 1 0 1 1 1 0 1 1 0 1 1 1 1 0 1 1 0 1 1 1 1 0 0 1 1 0 0 1 0 1 1 1 1 1 0 1 1 0 0]"
2,0.2377188050535232,"[1 1 0 1 1 1 0 1 1 0 1 1 1 1 0 1 1 0 1 1 1 1 0 0 1 1 0 0 1 0 1 1 1 1 1 0 1 1 0 0]"
2,0.014538361044912816,"[1 0 1 0 0 1 1 1 1 0 1 0 1 1 1 1 0 0 0 1 0 1 1 1 1 0 1 1 0 1 1 1 0 0 0 1 0 1 0 0]"
2,0.1054178935478561,"[1 1 0 0 1 1 0 0 0 1 1 0 1 1 0 0 0 1 1 1 1 1 0 0 0 1 0 1 1 0 1 1 0 1 0 1 1 0 0 0]"
2,0.23772436692281287,"[1 1 0 1 1 1 0 1 1 0 1 1 1 1 0 1 1 1 0 1 1 1 1 0 1 1 0 0 1 0 1 1 1 1 1 0 1 1 0 0]"
2,0.0027469407704484167,"[1 0 0 0 1 1 0 1 1 1 1 1 0 0 1 0 0 1 0 1 0 0 1 0 0 0 1 1 1 1 1 0 0 1 0 0 1 1 1 0]"
2,0.2377188050535232,"[1 1 0 1 1 1 0 1 1 0 1 1 1 1 0 1 1 0 1 1 1 1 0 0 1 1 0 0 1 0 1 1 1 1 1 0 1 1 0 0]"
2,0.2239673220475379,"[1 1 0 1 1 1 0 0 0 1 1 0 1 1 0 0 0 1 1 1 1 1 0 0 0 1 0 1 1 0 1 1 0 1 0 1 1 1 0 0]"
2,0.02529875356924493,"[1 0 1 1 0 0 0 1 0 0 1 1 1 1 0 0 0 0 1 1 0 0 1 1 0 1 0 1 0 1 1 1 1 0 0 1 0 1 0 0]"
2,0.04088799622645572,"[1 0 1 1 1 0 0 1 1 1 1 1 0 0 1 1 1 0 0 1 0 0 0 1 1 0 1 0 0 0 1 0 0 1 1 0 1 1 0 1]"
2,0.25412016130786835,"[1 1 0 1 1 1 1 1 0 0 1 1 1 0 0 1 1 0 1 1 1 1 0 0 1 1 0 1 0 1 0 0 1 1 1 0 0 1 1 0]"
2,0.22592359135564424,"[1 1 0 1 1 1 0 0 1 0 0 1 1 1 0 1 1 0 0 1 0 1 0 0 1 1 0 0 1 0 1 1 1 1 1 1 1 1 0 0]"
2,0.014539201091464164,"[1 0 1 0 0 1 1 1 1 0 1 0 1 1 1 1 0 1 0 1 0 1 1 1 0 0 1 1 0 1 1 0 0 0 0 1 1 1 1 0]"
2,0.2377188050535232,"[1 1 0 1 1 1 0 1 1 0 1 1 1 1 0 1 1 0 1 1 1 1 0 0 1 1 0 0 1 0 1 1 1 1 1 0 1 1 0 0]"
2,0.007568528588797262,"[1 0 0 1 1 1 0 1 0 0 0 1 0 1 1 0 0 1 0 1 1 0 1 0 0 0 1 0 0 0 1 1 1 1 0 0 1 0 0 0]"
2,0.00010075936693211859,"[0 1 1 0 0 1 0 1 1 1 1 1 1 1 1 0 0 0 0 1 1 0 0 0 1 0 1 0 0 1 1 1 0 1 0 0 0 1 0 0]"
2,0.07465024850882013,"[1 1 0 0 0 1 0 1 0 1 1 1 1 1 0 1 0 0 1 1 0 1 0 0 0 1 1 1 1 0 1 0 1 0 0 1 1 1 0 0]"
2,0.0078583181720466,"[1 0 0 1 1 1 0 1 1 0 1 0 1 1 0 1 1 0 1 1 1 1 0 0 1 1 0 0 1 0 1 1 1 1 1 0 1 1 1 0]"
2,0.10710694119999398,"[1 1 0 0 1 1 0 0 1 0 1 1 1 1 1 1 1 0 1 1 1 1 0 0 1 0 0 0 1 0 0 1 1 0 1 0 1 0 0 0]"
2,0.5636362821647524,"[1 1 1 1 0 0 0 1 1 0 1 1 1 1 0 0 0 0 1 1 0 1 0 0 1 1 0 0 1 0 1 1 1 1 0 0 0 1 1 0]"
2,0.5409247247289873,"[1 1 1 1 0 0 0 0 1 0 1 1 1 1 1 0 0 0 1 1 0 1 0 0 1 0 0 0 1 0 0 1 1 0 0 0 0 1 1 0]"
2,0.5409247247289873,"[1 1 1 1 0 0 0 0 1 0 1 1 1 1 1 0 0 0 1 1 0 1 0 0 1 0 0 0 1 0 0 1 1 0 0 0 0 1 1 0]"
2,0.2415930906595077,"[1 1 0 1 1 1 1 0 0 0 0 1 1 0 0 1 1 0 0 1 0 1 0 0 1 1 0 1 0 1 0 0 1 1 1 1 0 1 1 0]"
2,0.2239673220475379,"[1 1 0 1 1 1 0 0 0 1 1 0 1 1 0 0 0 1 1 1 1 1 0 0 0 1 0 1 1 0 1 1 0 1 0 1 1 1 0 0]"
2,0.540927467571412,"[1 1 1 1 0 0 0 0 1 0 1 1 1 1 1 0 0 0 1 1 1 1 0 0 1 0 0 0 1 0 0 1 1 0 0 0 1 1 1 0]"
2,0.2377230582171806,"[1 1 0 1 1 1 0 1 1 0 1 1 1 1 0 1 1 1 0 1 0 1 1 0 1 1 0 0 1 0 1 1 1 1 1 0 0 1 0 0]"
2,0.13149789805472184,"[1 1 0 1 0 0 0 0 1 1 1 1 1 1 1 0 0 0 1 1 1 0 0 0 1 0 0 1 1 0 0 1 1 0 0 0 0 1 1 0]"
2,0.3765010258737789,"[1 1 1 0 1 0 0 0 0 0 1 0 1 1 0 0 1 1 1 1 0 1 0 0 0 1 0 0 1 1 0 1 0 1 0 1 1 0 0 0]"
2,0.0027060188942488604,"[1 0 0 0 1 1 0 1 1 0 1 1 1 0 1 1 1 1 0 1 0 0 1 0 0 0 0 1 1 1 1 0 0 1 1 0 1 1 1 0]"
2,0.11359128038196216,"[1 1 0 0 1 1 0 1 1 1 1 1 0 1 0 0 1 0 1 1 1 1 0 0 1 1 1 0 1 0 1 1 1 1 1 0 1 0 0 0]"
2,0.007812910624594433,"[1 0 0 1 1 1 0 1 1 0 0 1 0 1 1 0 0 1 0 1 1 0 1 0 0 0 1 0 0 1 1 1 1 1 0 0 1 0 0 0]"
2,0.0027469407704484167,"[1 0 0 0 1 1 0 1 1 1 1 1 0 0 1 0 0 1 0 1 0 0 1 0 0 0 1 1 1 1 1 0 0 1 0 0 1 1 1 0]"
3,0.22592359135564424,"[1 1 0 1 1 1 0 0 1 0 0 1 1 1 0 1 1 0 0 1 0 1 0 0 1 1 0 0 1 0 1 1 1 1 1 1 1 1 0 0]"
3,0.22592359135564424,"[1 1 0 1 1 1 0 0 1 0 0 1 1 1 0 1 1 0 0 1 0 1 0 0 1 1 0 0 1 0 1 1 1 1 1 1 1 1 0 0]"
3,0.007812941003273401,"[1 0 0 1 1 1 0 1 1 0 0 1 0 1 1 0 0 1 0 1 1 1 1 0 0 0 1 0 1 0 1 1 1 1 0 0 1 0 1 0]"
3,0.563634853484289,"[1 1 1 1 0 0 0 1 1 0 1 1 1 1 0 0 0 0 1 1 0 0 0 0 1 1 0 0 0 1 1 1 1 1 0 0 0 1 0 0]"
3,0.040887996418440896,"[1 0 1 1 1 0 0 1 1 1 1 1 0 0 1 1 1 0 0 1 0 0 0 1 1 0 1 0 0 0 1 1 1 1 1 0 0 1 0 0]"
3,0.540924722767188,"[1 1 1 1 0 0 0 0 1 0 1 1 1 1 1 0 0 0 1 1 0 1 0 0 1 0 0 0 1 0 0 0 0 0 0 0 1 1 1 1]"
3,0.23772436692281287,"[1 1 0 1 1 1 0 1 1 0 1 1 1 1 0 1 1 1 0 1 1 1 1 0 1 1 0 0 1 0 1 1 1 1 1 0 1 1 0 0]"
3,0.11359128038196216,"[1 1 0 0 1 1 0 1 1 1 1 1 0 1 0 0 1 0 1 1 1 1 0 0 1 1 1 0 1 0 1 1 1 1 1 0 1 0 0 0]"
3,0.1054178935478561,"[1 1 0 0 1 1 0 0 0 1 1 0 1 1 0 0 0 1 1 1 1 1 0 0 0 1 0 1 1 0 1 1 0 1 0 1 1 0 0 0]"
3,0.3765010258737789,"[1 1 1 0 1 0 0 0 0 0 1 0 1 1 0 0 1 1 1 1 0 1 0 0 0 1 0 0 1 1 0 1 0 1 0 1 1 0 0 0]"
3,0.23755691806735965,"[1 1 0 1 1 1 0 1 1 0 1 1 1 0 0 1 1 1 0 1 1 1 1 0 1 1 0 1 1 0 1 1 1 1 1 0 1 1 0 0]"
3,0.25429808162920803,"[1 1 0 1 1 1 1 1 0 0 1 1 1 1 0 1 1 0 1 1 1 1 0 0 1 1 0 0 0 1 0 0 1 1 1 0 0 1 1 0]"
3,0.007889225580067435,"[1 0 0 1 1 1 0 1 1 0 1 1 1 1 0 1 1 0 0 1 0 1 0 1 1 1 1 0 1 0 1 1 1 1 1 1 1 1 0 1]"
3,0.752601924931409,"[1 1 1 1 1 0 0 0 1 1 0 1 0 0 1 1 1 0 0 1 0 0 0 0 1 0 0 0 0 0 1 0 0 1 1 0 1 1 0 0]"
3,0.6377794544776008,"[1 1 1 1 0 1 0 0 1 0 1 1 1 1 0 1 1 0 1 1 1 1 0 0 1 1 0 0 1 0 1 1 1 1 1 0 1 1 0 0]"
3,0.19817193622806942,"[1 1 0 1 1 0 0 1 1 0 1 1 1 1 1 0 0 0 1 1 0 1 0 0 1 0 0 0 1 0 0 1 1 0 0 0 0 1 1 0]"
3,0.10541788801517633,"[1 1 0 0 1 1 0 0 0 1 1 0 1 1 0 0 0 1 1 1 1 1 0 0 0 1 0 0 1 0 0 1 0 1 0 1 1 0 0 0]"
3,0.37650104327189404,"[1 1 1 0 1 0 0 0 0 0 1 0 1 1 0 0 1 1 1 1 0 1 0 0 0 1 0 1 1 1 1 1 0 1 0 1 1 0 0 0]"
3,0.15965270482394897,"[1 1 0 1 0 1 0 1 0 0 0 1 0 1 1 0 0 1 0 1 1 0 1 0 0 0 1 0 0 1 1 1 1 1 1 0 1 1 0 0]"
3,0.055450082921012174,"[1 0 1 1 1 1 1 1 1 0 1 1 0 1 0 0 0 0 0 1 1 1 0 0 1 0 1 1 1 0 0 0 1 0 0 1 0 0 1 0]"
3,0.23771876287986982,"[1 1 0 1 1 1 0 1 1 0 1 1 1 1 0 1 1 0 1 1 1 1 0 0 1 0 0 0 1 0 0 1 1 1 1 0 1 1 0 0]"
3,0.10710696177879021,"[1 1 0 0 1 1 0 0 1 0 1 1 1 1 1 1 1 0 1 1 1 1 0 0 1 1 0 0 1 0 1 1 1 0 1 0 1 0 0 0]"
3,0.02317167746156404,"[1 0 1 0 1 1 1 1 1 0 1 0 1 1 1 1 0 1 1 1 0 1 1 1 0 1 1 1 0 1 1 0 0 0 0 1 1 1 1 0]"
3,0.1646159869828331,"[1 1 0 1 0 1 0 1 1 0 1 1 1 1 0 1 1 0 0 1 1 1 0 0 1 0 0 0 1 0 1 1 1 1 1 0 1 1 0 0]"
3,0.014538361044912816,"[1 0 1 0 0 1 1 1 1 0 1 0 1 1 1 1 0 0 0 1 0 1 1 1 1 0 1 1 0 1 1 1 0 0 0 1 0 1 0 0]"
3,0.07515106884208117,"[1 1 0 0 0 1 0 1 1 0 0 1 1 1 1 1 0 0 0 0 0 1 0 1 0 1 1 1 0 1 0 0 0 0 1 1 0 0 0 0]"
3,0.10416533541249608,"[1 1 0 0 1 1 0 0 0 0 1 0 1 1 0 1 1 1 1 1 1 0 0 0 0 1 0 1 1 1 0 1 0 1 0 1 1 0 0 0]"
3,0.2377188050535232,"[1 1 0 1 1 1 0 1 1 0 1 1 1 1 0 1 1 0 1 1 1 1 0 0 1 1 0 0 1 0 1 1 1 1 1 0 1 1 0 0]"
3,0.5409274675609489,"[1 1 1 1 0 0 0 0 1 0 1 1 1 1 1 0 0 0 1 1 1 1 0 0 1 0 0 0 1 0 0 1 1 0 0 0 1 1 0 0]"
3,0.10710694120242992,"[1 1 0 0 1 1 0 0 1 0 1 1 1 1 1 1 1 0 1 1 1 1 0 0 1 0 0 0 1 0 0 1 1 0 1 0 1 0 1 0]"
3,0.7031523857453543,"[1 1 1 1 0 1 1 1 0 0 1 0 0 1 0 0 0 0 0 1 1 1 0 0 1 0 1 1 1 0 0 0 1 0 1 1 0 1 0 0]"
3,0.3775157681445649,"[1 1 1 0 1 0 0 0 0 0 1 1 1 1 0 0 1 1 1 1 0 1 0 0 0 1 0 0 1 1 0 1 0 1 0 1 1 0 1 0]"
3,0.26882956776234435,"[1 1 1 0 0 0 0 0 0 1 1 1 1 1 0 0 0 0 1 1 0 1 0 0 1 0 0 0 1 0 0 1 1 0 0 1 0 1 1 0]"
3,0.16466393269122387,"[1 1 0 1 0 1 0 1 1 0 1 1 1 1 1 1 0 0 1 1 0 1 0 0 0 1 1 1 1 0 1 0 1 0 0 0 1 1 0 0]"
3,0.5409247247289873,"[1 1 1 1 0 0 0 0 1 0 1 1 1 1 1 0 0 0 1 1 0 1 0 0 1 0 0 0 1 0 0 1 1 0 0 0 0 1 1 0]"
3,0.04088799622645572,"[1 0 1 1 1 0 0 1 1 1 1 1 0 0 1 1 1 0 0 1 0 0 0 1 1 0 1 0 0 0 1 0 0 1 1 0 1 1 0 1]"
3,0.08903020235752401,"[1 1 0 0 1 0 0 0 1 1 1 1 1 1 1 1 1 0 1 1 1 0 0 0 1 0 0 0 1 0 0 1 1 0 1 0 1 0 0 0]"
3,0.22149907437086483,"[1 1 0 1 1 1 0 0 0 0 1 0 1 1 0 1 1 1 1 1 1 1 0 0 1 1 0 1 1 1 1 1 0 1 1 1 1 0 0 0]"
3,0.5409247247289873,"[1 1 1 1 0 0 0 0 1 0 1 1 1 1 1 0 0 0 1 1 0 1 0 0 1 0 0 0 1 0 0 1 1 0 0 0 0 1 1 0]"
3,0.2377188050535232,"[1 1 0 1 1 1 0 1 1 0 1 1 1 1 0 1 1 0 1 1 1 1 0 0 1 1 0 0 1 0 1 1 1 1 1 0 1 1 0 0]"
3,0.08546688756934057,"[1 1 0 0 1 0 0 0 0 0 1 0 1 1 0 1 1 1 1 1 1 0 0 0 0 1 0 1 1 1 0 1 0 1 0 1 1 0 0 0]"
3,0.1054276517574306,"[1 1 0 0 1 1 0 0 0 1 1 0 1 1 0 0 1 1 1 1 1 0 0 0 0 1 0 1 1 1 0 1 0 1 0 1 1 0 0 0]"
3,0.10710694119999398,"[1 1 0 0 1 1 0 0 1 0 1 1 1 1 1 1 1 0 1 1 1 1 0 0 1 0 0 0 1 0 0 1 1 0 1 0 1 0 0 0]"
3,0.2377188050535232,"[1 1 0 1 1 1 0 1 1 0 1 1 1 1 0 1 1 0 1 1 1 1 0 0 1 1 0 0 1 0 1 1 1 1 1 0 1 1 0 0]"
3,0.1865376444902777,"[1 1 0 1 1 0 0 0 0 1 1 0 1 1 0 1 1 1 1 1 1 0 0 0 1 1 0 1 1 1 1 1 0 1 1 1 1 0 0 0]"
3,0.1865376444902777,"[1 1 0 1 1 0 0 0 0 1 1 0 1 1 0 1 1 1 1 1 1 0 0 0 1 1 0 1 1 1 1 1 0 1 1 1 1 0 0 0]"
3,0.10710694119999398,"[1 1 0 0 1 1 0 0 1 0 1 1 1 1 1 1 1 0 1 1 1 1 0 0 1 0 0 0 1 0 0 1 1 0 1 0 1 0 0 0]"
3,0.3765010258737789,"[1 1 1 0 1 0 0 0 0 0 1 0 1 1 0 0 1 1 1 1 0 1 0 0 0 1 0 0 1 1 0 1 0 1 0 1 1 0 0 0]"
3,0.1054178935478561,"[1 1 0 0 1 1 0 0 0 1 1 0 1 1 0 0 0 1 1 1 1 1 0 0 0 1 0 1 1 0 1 1 0 1 0 1 1 0 0 0]"
3,0.23772436692281287,"[1 1 0 1 1 1 0 1 1 0 1 1 1 1 0 1 1 1 0 1 1 1 1 0 1 1 0 0 1 0 1 1 1 1 1 0 1 1 0 0]"
4,0.8827240758389531,"[1 1 1 1 1 1 0 0 1 1 0 1 0 0 1 1 1 0 0 1 0 0 0 0 1 0 0 0 1 0 1 0 1 1 0 0 1 1 0 0]"
4,0.13631879262243107,"[1 1 0 1 0 0 0 1 1 0 1 1 1 1 1 1 0 0 1 1 0 1 0 0 0 1 1 1 0 0 1 0 0 0 1 0 1 1 0 0]"
4,0.22149907437086483,"[1 1 0 1 1 1 0 0 0 0 1 0 1 1 0 1 1 1 1 1 1 1 0 0 1 1 0 1 1 1 1 1 0 1 1 1 1 0 0 0]"
4,0.10541788801517633,"[1 1 0 0 1 1 0 0 0 1 1 0 1 1 0 0 0 1 1 1 1 1 0 0 0 1 0 0 1 0 0 1 0 1 0 1 1 0 0 0]"
4,0.10710694120242992,"[1 1 0 0 1 1 0 0 1 0 1 1 1 1 1 1 1 0 1 1 1 1 0 0 1 0 0 0 1 0 0 1 1 0 1 0 1 0 1 0]"
4,0.23772436692281287,"[1 1 0 1 1 1 0 1 1 0 1 1 1 1 0 1 1 1 0 1 1 1 1 0 1 1 0 0 1 0 1 1 1 1 1 0 1 1 0 0]"
4,0.2122365176178035,"[1 1 0 1 1 0 1 1 0 0 1 1 1 1 0 1 1 0 1 1 1 0 0 0 1 1 0 1 1 1 0 0 1 1 1 0 0 1 1 0]"
4,0.10416563949512006,"[1 1 0 0 1 1 0 0 0 0 1 0 1 1 0 1 1 1 1 1 1 1 0 0 0 1 0 0 0 1 0 1 0 1 0 1 1 0 0 0]"
4,0.23434834058309012,"[1 1 0 1 1 1 0 1 0 1 1 0 1 1 0 0 1 0 1 1 1 1 0 0 0 0 0 1 1 0 0 1 1 1 0 0 1 1 0 0]"
4,0.10706099382417704,"[1 1 0 0 1 1 0 0 1 0 1 1 1 1 0 1 0 1 1 1 1 1 0 0 1 1 0 0 1 0 1 1 0 1 1 1 1 0 0 0]"
4,0.15965270482394897,"[1 1 0 1 0 1 0 1 0 0 0 1 0 1 1 0 0 1 0 1 1 0 1 0 0 0 1 0 0 1 1 1 1 1 1 0 1 1 0 0]"
4,0.22592359135564424,"[1 1 0 1 1 1 0 0 1 0 0 1 1 1 0 1 1 0 0 1 0 1 0 0 1 1 0 0 1 0 1 1 1 1 1 1 1 1 0 0]"
4,0.1646159869828331,"[1 1 0 1 0 1 0 1 1 0 1 1 1 1 0 1 1 0 0 1 1 1 0 0 1 0 0 0 1 0 1 1 1 1 1 0 1 1 0 0]"
4,0.5409247247289873,"[1 1 1 1 0 0 0 0 1 0 1 1 1 1 1 0 0 0 1 1 0 1 0 0 1 0 0 0 1 0 0 1 1 0 0 0 0 1 1 0]"
4,0.26882956776234435,"[1 1 1 0 0 0 0 0 0 1 1 1 1 1 0 0 0 0 1 1 0 1 0 0 1 0 0 0 1 0 0 1 1 0 0 1 0 1 1 0]"
4,0.26882956776234435,"[1 1 1 0 0 0 0 0 0 1 1 1 1 1 0 0 0 0 1 1 0 1 0 0 1 0 0 0 1 0 0 1 1 0 0 1 0 1 1 0]"
4,0.1865376444902777,"[1 1 0 1 1 0 0 0 0 1 1 0 1 1 0 1 1 1 1 1 1 0 0 0 1 1 0 1 1 1 1 1 0 1 1 1 1 0 0 0]"
4,0.37650104327189404,"[1 1 1 0 1 0 0 0 0 0 1 0 1 1 0 0 1 1 1 1 0 1 0 0 0 1 0 1 1 1 1 1 0 1 0 1 1 0 0 0]"
4,0.07654659282880229,"[1 1 0 0 0 1 0 1 1 1 1 1 1 1 0 0 0 0 1 1 0 0 0 0 1 1 0 1 0 1 1 1 1 1 0 0 0 1 0 0]"
4,0.733093140043327,"[1 1 1 1 1 0 0 0 0 0 1 0 1 1 0 0 0 1 1 1 1 1 0 0 0 1 0 0 1 0 1 1 0 1 0 1 1 0 0 0]"
4,0.23241804515305065,"[1 1 0 1 1 1 0 1 0 0 1 1 1 1 0 1 1 1 0 1 1 1 1 0 1 1 0 0 1 1 1 1 0 1 1 0 1 1 0 0]"
4,0.3846881597259439,"[1 1 1 0 1 0 0 0 1 0 1 0 1 1 0 0 1 1 1 1 0 1 0 0 0 1 0 0 1 0 0 1 1 1 0 1 1 0 0 0]"
4,0.26809513439027105,"[1 1 1 0 0 0 0 0 0 1 1 0 1 1 0 0 0 1 1 1 1 1 0 0 0 1 0 1 1 0 1 1 0 1 0 1 0 0 0 0]"
4,0.10573497262938096,"[1 1 0 0 1 1 0 0 0 1 1 1 1 1 0 0 0 0 1 1 0 1 0 0 1 0 0 0 1 0 0 1 1 0 0 1 1 1 1 0]"
4,0.2370495785460936,"[1 1 0 1 1 1 0 1 1 0 1 0 1 1 0 1 1 0 1 1 1 1 0 0 1 0 0 0 1 0 1 1 0 1 1 0 1 1 0 0]"
4,0.15342866664491478,"[1 1 0 1 0 1 0 0 0 0 1 1 1 1 0 1 1 1 0 1 1 1 0 0 1 1 0 1 1 1 1 1 1 1 1 1 1 0 0 0]"
4,0.2873417772164953,"[1 1 1 0 0 0 0 1 1 1 1 1 1 1 0 0 0 0 1 1 0 0 0 0 1 1 0 0 0 1 1 1 1 1 0 1 0 1 0 0]"
4,0.2214590889640542,"[1 1 0 1 1 1 0 0 0 0 1 0 1 1 0 0 1 1 1 1 1 0 0 0 0 1 0 1 1 1 0 1 0 1 0 0 1 0 0 0]"
4,0.2377188050535232,"[1 1 0 1 1 1 0 1 1 0 1 1 1 1 0 1 1 0 1 1 1 1 0 0 1 1 0 0 1 0 1 1 1 1 1 0 1 1 0 0]"
4,0.3775157681445649,"[1 1 1 0 1 0 0 0 0 0 1 1 1 1 0 0 1 1 1 1 0 1 0 0 0 1 0 0 1 1 0 1 0 1 0 1 1 0 1 0]"
4,0.11359128038196216,"[1 1 0 0 1 1 0 1 1 1 1 1 0 1 0 0 1 0 1 1 1 1 0 0 1 1 1 0 1 0 1 1 1 1 1 0 1 0 0 0]"
4,0.23772436692281287,"[1 1 0 1 1 1 0 1 1 0 1 1 1 1 0 1 1 1 0 1 1 1 1 0 1 1 0 0 1 0 1 1 1 1 1 0 1 1 0 0]"
4,0.10710696177879021,"[1 1 0 0 1 1 0 0 1 0 1 1 1 1 1 1 1 0 1 1 1 1 0 0 1 1 0 0 1 0 1 1 1 0 1 0 1 0 0 0]"
4,0.3765010258737789,"[1 1 1 0 1 0 0 0 0 0 1 0 1 1 0 0 1 1 1 1 0 1 0 0 0 1 0 0 1 1 0 1 0 1 0 1 1 0 0 0]"
4,0.2542980816504258,"[1 1 0 1 1 1 1 1 0 0 1 1 1 1 0 1 1 0 1 1 1 1 0 0 1 1 0 0 0 1 0 0 1 1 1 0 1 1 1 0]"
4,0.2377188050335546,"[1 1 0 1 1 1 0 1 1 0 1 1 1 1 0 1 1 0 1 1 1 1 0 0 1 1 0 0 1 0 1 1 1 1 1 0 0 1 0 0]"
4,0.7031523872292135,"[1 1 1 1 0 1 1 1 0 0 1 0 0 1 0 0 0 0 0 1 1 1 0 0 1 0 1 1 1 0 0 1 1 0 0 1 0 1 0 0]"
4,0.10541789327890638,"[1 1 0 0 1 1 0 0 0 1 1 0 1 1 0 0 0 1 1 1 1 1 0 0 0 1 0 1 1 0 1 0 0 1 1 1 1 0 0 0]"
4,0.19815475264860133,"[1 1 0 1 1 0 0 1 1 0 1 1 1 1 0 1 1 0 1 1 1 0 0 0 1 1 0 0 1 0 1 1 1 1 1 0 1 0 0 0]"
4,0.2240269449151883,"[1 1 0 1 1 1 0 0 0 1 1 0 1 1 0 1 1 1 1 1 1 1 0 0 1 1 0 1 1 1 1 1 0 1 1 1 1 1 0 0]"
4,0.10541789477734054,"[1 1 0 0 1 1 0 0 0 1 1 0 1 1 0 0 0 1 1 1 1 1 0 0 0 1 0 1 1 1 1 1 0 1 0 1 1 0 0 0]"
4,0.22149907197239171,"[1 1 0 1 1 1 0 0 0 0 1 0 1 1 0 1 1 1 1 1 1 1 0 0 1 1 0 1 1 0 1 1 0 1 1 1 1 0 0 0]"
4,0.6377794544776008,"[1 1 1 1 0 1 0 0 1 0 1 1 1 1 0 1 1 0 1 1 1 1 0 0 1 1 0 0 1 0 1 1 1 1 1 0 1 1 0 0]"
4,0.23771876287986982,"[1 1 0 1 1 1 0 1 1 0 1 1 1 1 0 1 1 0 1 1 1 1 0 0 1 0 0 0 1 0 0 1 1 1 1 0 1 1 0 0]"
4,0.7031523857453543,"[1 1 1 1 0 1 1 1 0 0 1 0 0 1 0 0 0 0 0 1 1 1 0 0 1 0 1 1 1 0 0 0 1 0 1 1 0 1 0 0]"
4,0.26882956776234435,"[1 1 1 0 0 0 0 0 0 1 1 1 1 1 0 0 0 0 1 1 0 1 0 0 1 0 0 0 1 0 0 1 1 0 0 1 0 1 1 0]"
4,0.22592359135564424,"[1 1 0 1 1 1 0 0 1 0 0 1 1 1 0 1 1 0 0 1 0 1 0 0 1 1 0 0 1 0 1 1 1 1 1 1 1 1 0 0]"
4,0.22149907437086483,"[1 1 0 1 1 1 0 0 0 0 1 0 1 1 0 1 1 1 1 1 1 1 0 0 1 1 0 1 1 1 1 1 0 1 1 1 1 0 0 0]"
4,0.5409247247289873,"[1 1 1 1 0 0 0 0 1 0 1 1 1 1 1 0 0 0 1 1 0 1 0 0 1 0 0 0 1 0 0 1 1 0 0 0 0 1 1 0]"
4,0.15965270482394897,"[1 1 0 1 0 1 0 1 0 0 0 1 0 1 1 0 0 1 0 1 1 0 1 0 0 0 1 0 0 1 1 1 1 1 1 0 1 1 0 0]"
5,0.26882956776234435,"[1 1 1 0 0 0 0 0 0 1 1 1 1 1 0 0 0 0 1 1 0 1 0 0 1 0 0 0 1 0 0 1 1 0 0 1 0 1 1 0]"
5,0.3775157681445649,"[1 1 1 0 1 0 0 0 0 0 1 1 1 1 0 0 1 1 1 1 0 1 0 0 0 1 0 0 1 1 0 1 0 1 0 1 1 0 1 0]"
5,0.7405115839118572,"[1 1 1 1 1 0 0 0 0 1 1 0 1 1 0 0 0 1 1 1 1 1 0 0 0 1 0 0 1 0 1 1 0 1 0 1 1 0 0 0]"
5,0.2651235775187511,"[1 1 1 0 0 0 0 0 0 0 1 0 1 1 0 0 0 1 1 1 1 1 0 0 0 1 0 1 1 0 1 1 0 1 0 1 0 0 0 0]"
5,0.376501024423936,"[1 1 1 0 1 0 0 0 0 0 1 0 1 1 0 0 1 1 1 1 0 1 0 0 0 1 0 0 1 0 1 1 1 1 0 1 1 0 0 0]"
5,0.10802487524410657,"[1 1 0 0 1 1 0 0 1 1 1 0 1 1 0 0 0 1 1 1 1 1 0 0 0 1 0 1 1 1 0 1 0 1 0 1 1 0 0 0]"
5,0.10710630325907573,"[1 1 0 0 1 1 0 0 1 0 1 1 1 1 1 1 1 0 1 1 0 1 0 0 1 0 0 0 1 0 1 1 1 0 1 0 1 0 0 0]"
5,0.5409275532422796,"[1 1 1 1 0 0 0 0 1 0 1 1 1 1 1 0 0 0 1 1 1 1 0 0 1 1 0 0 1 0 0 1 1 0 0 0 0 1 1 0]"
5,0.7031523872292135,"[1 1 1 1 0 1 1 1 0 0 1 0 0 1 0 0 0 0 0 1 1 1 0 0 1 0 1 1 1 0 0 1 1 0 0 1 0 1 0 0]"
5,0.26882956776234435,"[1 1 1 0 0 0 0 0 0 1 1 1 1 1 0 0 0 0 1 1 0 1 0 0 1 0 0 0 1 0 0 1 1 0 0 1 0 1 1 0]"
5,0.23772436692281287,"[1 1 0 1 1 1 0 1 1 0 1 1 1 1 0 1 1 1 0 1 1 1 1 0 1 1 0 0 1 0 1 1 1 1 1 0 1 1 0 0]"
5,0.22149907437086483,"[1 1 0 1 1 1 0 0 0 0 1 0 1 1 0 1 1 1 1 1 1 1 0 0 1 1 0 1 1 1 1 1 0 1 1 1 1 0 0 0]"
5,0.23772436692281287,"[1 1 0 1 1 1 0 1 1 0 1 1 1 1 0 1 1 1 0 1 1 1 1 0 1 1 0 0 1 0 1 1 1 1 1 0 1 1 0 0]"
5,0.10710694120242992,"[1 1 0 0 1 1 0 0 1 0 1 1 1 1 1 1 1 0 1 1 1 1 0 0 1 0 0 0 1 0 0 1 1 0 1 0 1 0 1 0]"
5,0.4613710998619491,"[1 1 1 0 1 1 0 0 1 1 1 1 0 0 0 1 1 0 0 1 0 0 0 0 1 0 0 0 1 0 0 0 1 1 0 0 1 1 1 0]"
5,0.5325576801613805,"[1 1 1 1 0 0 0 0 0 1 0 1 1 1 1 0 0 0 1 1 0 1 0 0 1 0 0 0 1 0 1 1 1 0 0 1 0 1 0 0]"
5,0.28734177731122995,"[1 1 1 0 0 0 0 1 1 1 1 1 1 1 0 0 0 0 1 1 0 0 0 0 1 1 0 0 0 1 1 1 1 1 1 1 0 1 0 0]"
5,0.23771880497364883,"[1 1 0 1 1 1 0 1 1 0 1 1 1 1 0 1 1 0 1 1 1 1 0 0 1 1 0 0 1 0 1 1 1 1 0 0 1 1 0 0]"
5,0.2377188050335546,"[1 1 0 1 1 1 0 1 1 0 1 1 1 1 0 1 1 0 1 1 1 1 0 0 1 1 0 0 1 0 1 1 1 1 1 0 0 1 0 0]"
5,0.8827240758389531,"[1 1 1 1 1 1 0 0 1 1 0 1 0 0 1 1 1 0 0 1 0 0 0 0 1 0 0 0 1 0 1 0 1 1 0 0 1 1 0 0]"
5,0.15342866664491478,"[1 1 0 1 0 1 0 0 0 0 1 1 1 1 0 1 1 1 0 1 1 1 0 0 1 1 0 1 1 1 1 1 1 1 1 1 1 0 0 0]"
5,0.26882956776234435,"[1 1 1 0 0 0 0 0 0 1 1 1 1 1 0 0 0 0 1 1 0 1 0 0 1 0 0 0 1 0 0 1 1 0 0 1 0 1 1 0]"
5,0.6377794544776008,"[1 1 1 1 0 1 0 0 1 0 1 1 1 1 0 1 1 0 1 1 1 1 0 0 1 1 0 0 1 0 1 1 1 1 1 0 1 1 0 0]"
5,0.22592359135564424,"[1 1 0 1 1 1 0 0 1 0 0 1 1 1 0 1 1 0 0 1 0 1 0 0 1 1 0 0 1 0 1 1 1 1 1 1 1 1 0 0]"
5,0.26882956776234435,"[1 1 1 0 0 0 0 0 0 1 1 1 1 1 0 0 0 0 1 1 0 1 0 0 1 0 0 0 1 0 0 1 1 0 0 1 0 1 1 0]"
5,0.3765010258737789,"[1 1 1 0 1 0 0 0 0 0 1 0 1 1 0 0 1 1 1 1 0 1 0 0 0 1 0 0 1 1 0 1 0 1 0 1 1 0 0 0]"
5,0.2542980816504258,"[1 1 0 1 1 1 1 1 0 0 1 1 1 1 0 1 1 0 1 1 1 1 0 0 1 1 0 0 0 1 0 0 1 1 1 0 1 1 1 0]"
5,0.26882956776234435,"[1 1 1 0 0 0 0 0 0 1 1 1 1 1 0 0 0 0 1 1 0 1 0 0 1 0 0 0 1 0 0 1 1 0 0 1 0 1 1 0]"
5,0.8884712685347823,"[1 1 1 1 1 1 0 0 1 1 1 1 1 1 0 1 1 0 0 1 0 1 0 0 1 1 0 1 1 1 1 1 0 1 1 0 1 0 0 0]"
5,0.21985348070871477,"[1 1 0 1 1 1 0 0 0 0 0 0 0 0 1 1 1 1 1 1 1 0 0 0 1 0 0 0 1 0 1 0 1 1 0 1 1 1 0 0]"
5,0.23434834058309012,"[1 1 0 1 1 1 0 1 0 1 1 0 1 1 0 0 1 0 1 1 1 1 0 0 0 0 0 1 1 0 0 1 1 1 0 0 1 1 0 0]"
5,0.7031523872292135,"[1 1 1 1 0 1 1 1 0 0 1 0 0 1 0 0 0 0 0 1 1 1 0 0 1 0 1 1 1 0 0 1 1 0 0 1 0 1 0 0]"
5,0.22039996561107578,"[1 1 0 1 1 1 0 0 0 0 0 1 0 0 0 1 1 1 1 1 0 1 0 0 1 0 0 1 1 1 1 1 0 1 1 0 1 0 0 0]"
5,0.8865546752535065,"[1 1 1 1 1 1 0 0 1 1 1 0 1 1 1 1 1 0 0 1 1 0 0 0 1 1 0 0 1 0 1 0 1 1 0 1 1 1 0 0]"
5,0.6377794544776008,"[1 1 1 1 0 1 0 0 1 0 1 1 1 1 0 1 1 0 1 1 1 1 0 0 1 1 0 0 1 0 1 1 1 1 1 0 1 1 0 0]"
5,0.8827240758389531,"[1 1 1 1 1 1 0 0 1 1 0 1 0 0 1 1 1 0 0 1 0 0 0 0 1 0 0 0 1 0 1 0 1 1 0 0 1 1 0 0]"
5,0.26882956776234435,"[1 1 1 0 0 0 0 0 0 1 1 1 1 1 0 0 0 0 1 1 0 1 0 0 1 0 0 0 1 0 0 1 1 0 0 1 0 1 1 0]"
5,0.733093140043327,"[1 1 1 1 1 0 0 0 0 0 1 0 1 1 0 0 0 1 1 1 1 1 0 0 0 1 0 0 1 0 1 1 0 1 0 1 1 0 0 0]"
5,0.5409247247289873,"[1 1 1 1 0 0 0 0 1 0 1 1 1 1 1 0 0 0 1 1 0 1 0 0 1 0 0 0 1 0 0 1 1 0 0 0 0 1 1 0]"
5,0.7031523872292135,"[1 1 1 1 0 1 1 1 0 0 1 0 0 1 0 0 0 0 0 1 1 1 0 0 1 0 1 1 1 0 0 1 1 0 0 1 0 1 0 0]"
5,0.6361526157673827,"[1 1 1 1 0 1 0 0 1 0 1 0 1 1 0 1 1 0 1 1 1 1 0 0 1 1 0 0 1 0 1 1 1 1 1 0 1 1 0 0]"
5,0.23771876383836185,"[1 1 0 1 1 1 0 1 1 0 1 1 1 1 0 1 1 0 1 1 1 1 0 0 1 0 0 0 1 0 1 1 0 1 1 0 1 1 0 0]"
5,0.2122365176178035,"[1 1 0 1 1 0 1 1 0 0 1 1 1 1 0 1 1 0 1 1 1 0 0 0 1 1 0 1 1 1 0 0 1 1 1 0 0 1 1 0]"
5,0.7031523857453543,"[1 1 1 1 0 1 1 1 0 0 1 0 0 1 0 0 0 0 0 1 1 1 0 0 1 0 1 1 1 0 0 0 1 0 1 1 0 1 0 0]"
5,0.23771876287986982,"[1 1 0 1 1 1 0 1 1 0 1 1 1 1 0 1 1 0 1 1 1 1 0 0 1 0 0 0 1 0 0 1 1 1 1 0 1 1 0 0]"
5,0.15342866664491478,"[1 1 0 1 0 1 0 0 0 0 1 1 1 1 0 1 1 1 0 1 1 1 0 0 1 1 0 1 1 1 1 1 1 1 1 1 1 0 0 0]"
5,0.6821028505736553,"[1 1 1 1 0 1 1 0 0 1 1 0 0 1 0 0 0 0 0 1 1 1 0 0 1 0 1 1 1 0 0 1 1 0 0 1 0 1 0 0]"
5,0.9092620850372641,"[1 1 1 1 1 1 0 1 1 0 0 1 0 0 1 1 1 0 0 1 0 0 0 0 1 0 0 0 1 0 1 0 1 1 0 0 1 1 0 0]"
5,0.7331472338312807,"[1 1 1 1 1 0 0 0 0 0 1 0 1 1 0 0 1 1 1 1 0 1 0 0 0 1 0 0 1 1 0 1 0 1 0 1 1 0 1 0]"
5,0.37748600245755154,"[1 1 1 0 1 0 0 0 0 0 1 1 1 1 0 0 0 1 1 1 1 1 0 0 0 1 0 0 1 0 1 1 0 1 0 1 1 0 0 0]"
6,0.6361526157673827,"[1 1 1 1 0 1 0 0 1 0 1 0 1 1 0 1 1 0 1 1 1 1 0 0 1 1 0 0 1 0 1 1 1 1 1 0 1 1 0 0]"
6,0.37748600245755154,"[1 1 1 0 1 0 0 0 0 0 1 1 1 1 0 0 0 1 1 1 1 1 0 0 0 1 0 0 1 0 1 1 0 1 0 1 1 0 0 0]"
6,0.7331472338312807,"[1 1 1 1 1 0 0 0 0 0 1 0 1 1 0 0 1 1 1 1 0 1 0 0 0 1 0 0 1 1 0 1 0 1 0 1 1 0 1 0]"
6,0.23771876383836185,"[1 1 0 1 1 1 0 1 1 0 1 1 1 1 0 1 1 0 1 1 1 1 0 0 1 0 0 0 1 0 1 1 0 1 1 0 1 1 0 0]"
6,0.5325576801613805,"[1 1 1 1 0 0 0 0 0 1 0 1 1 1 1 0 0 0 1 1 0 1 0 0 1 0 0 0 1 0 1 1 1 0 0 1 0 1 0 0]"
6,0.6821028505736553,"[1 1 1 1 0 1 1 0 0 1 1 0 0 1 0 0 0 0 0 1 1 1 0 0 1 0 1 1 1 0 0 1 1 0 0 1 0 1 0 0]"
6,0.23434834058309012,"[1 1 0 1 1 1 0 1 0 1 1 0 1 1 0 0 1 0 1 1 1 1 0 0 0 0 0 1 1 0 0 1 1 1 0 0 1 1 0 0]"
6,0.2651235775187511,"[1 1 1 0 0 0 0 0 0 0 1 0 1 1 0 0 0 1 1 1 1 1 0 0 0 1 0 1 1 0 1 1 0 1 0 1 0 0 0 0]"
6,0.7331472338312807,"[1 1 1 1 1 0 0 0 0 0 1 0 1 1 0 0 1 1 1 1 0 1 0 0 0 1 0 0 1 1 0 1 0 1 0 1 1 0 1 0]"
6,0.8865546752535065,"[1 1 1 1 1 1 0 0 1 1 1 0 1 1 1 1 1 0 0 1 1 0 0 0 1 1 0 0 1 0 1 0 1 1 0 1 1 1 0 0]"
6,0.37748600245755154,"[1 1 1 0 1 0 0 0 0 0 1 1 1 1 0 0 0 1 1 1 1 1 0 0 0 1 0 0 1 0 1 1 0 1 0 1 1 0 0 0]"
6,0.7031523872292135,"[1 1 1 1 0 1 1 1 0 0 1 0 0 1 0 0 0 0 0 1 1 1 0 0 1 0 1 1 1 0 0 1 1 0 0 1 0 1 0 0]"
6,0.6361526157673827,"[1 1 1 1 0 1 0 0 1 0 1 0 1 1 0 1 1 0 1 1 1 1 0 0 1 1 0 0 1 0 1 1 1 1 1 0 1 1 0 0]"
6,0.26882956776234435,"[1 1 1 0 0 0 0 0 0 1 1 1 1 1 0 0 0 0 1 1 0 1 0 0 1 0 0 0 1 0 0 1 1 0 0 1 0 1 1 0]"
6,0.6248689181866485,"[1 1 1 1 0 1 0 0 0 0 1 1 1 1 0 1 1 0 1 1 1 1 0 0 1 1 0 0 1 0 1 1 1 1 1 0 1 1 0 0]"
6,0.15708170651849876,"[1 1 0 1 0 1 0 0 1 0 1 1 1 1 0 1 1 1 0 1 1 1 0 0 1 1 0 1 1 1 1 1 1 1 1 1 1 0 0 0]"
6,0.23771880506350748,"[1 1 0 1 1 1 0 1 1 0 1 1 1 1 0 1 1 0 1 1 1 1 0 0 1 1 0 0 1 0 1 1 1 1 1 1 0 0 0 0]"
6,0.22149907434275773,"[1 1 0 1 1 1 0 0 0 0 1 0 1 1 0 1 1 1 1 1 1 1 0 0 1 1 0 1 1 1 1 1 0 1 1 0 1 1 0 0]"
6,0.7031523857453543,"[1 1 1 1 0 1 1 1 0 0 1 0 0 1 0 0 0 0 0 1 1 1 0 0 1 0 1 1 1 0 0 0 1 0 1 1 0 1 0 0]"
6,0.376501024423936,"[1 1 1 0 1 0 0 0 0 0 1 0 1 1 0 0 1 1 1 1 0 1 0 0 0 1 0 0 1 0 1 1 1 1 0 1 1 0 0 0]"
6,0.23771880497364883,"[1 1 0 1 1 1 0 1 1 0 1 1 1 1 0 1 1 0 1 1 1 1 0 0 1 1 0 0 1 0 1 1 1 1 0 0 1 1 0 0]"
6,0.7405115839118572,"[1 1 1 1 1 0 0 0 0 1 1 0 1 1 0 0 0 1 1 1 1 1 0 0 0 1 0 0 1 0 1 1 0 1 0 1 1 0 0 0]"
6,0.7031523872292135,"[1 1 1 1 0 1 1 1 0 0 1 0 0 1 0 0 0 0 0 1 1 1 0 0 1 0 1 1 1 0 0 1 1 0 0 1 0 1 0 0]"
6,0.3765010258737789,"[1 1 1 0 1 0 0 0 0 0 1 0 1 1 0 0 1 1 1 1 0 1 0 0 0 1 0 0 1 1 0 1 0 1 0 1 1 0 0 0]"
6,0.32076203870939146,"[1 1 1 0 0 1 0 0 0 1 1 1 1 1 0 0 0 0 1 1 1 1 0 0 1 0 0 0 1 0 0 1 1 1 0 1 0 1 1 0]"
6,0.5408809302052359,"[1 1 1 1 0 0 0 0 1 0 1 1 1 1 0 1 1 0 1 1 0 1 0 0 1 1 0 0 1 0 1 1 1 0 1 0 1 1 0 0]"
6,0.8827240758389531,"[1 1 1 1 1 1 0 0 1 1 0 1 0 0 1 1 1 0 0 1 0 0 0 0 1 0 0 0 1 0 1 0 1 1 0 0 1 1 0 0]"
6,0.5409247247289873,"[1 1 1 1 0 0 0 0 1 0 1 1 1 1 1 0 0 0 1 1 0 1 0 0 1 0 0 0 1 0 0 1 1 0 0 0 0 1 1 0]"
6,0.46138060997051933,"[1 1 1 0 1 1 0 0 1 1 1 1 0 0 0 1 1 0 1 1 0 0 0 0 1 0 0 0 1 0 1 0 1 1 0 0 1 1 1 0]"
6,0.6377667271954934,"[1 1 1 1 0 1 0 0 1 0 1 1 1 1 0 1 1 0 0 1 1 1 0 0 1 1 0 0 1 0 0 1 1 1 1 0 1 1 0 0]"
6,0.26882956776234435,"[1 1 1 0 0 0 0 0 0 1 1 1 1 1 0 0 0 0 1 1 0 1 0 0 1 0 0 0 1 0 0 1 1 0 0 1 0 1 1 0]"
6,0.26882956776234435,"[1 1 1 0 0 0 0 0 0 1 1 1 1 1 0 0 0 0 1 1 0 1 0 0 1 0 0 0 1 0 0 1 1 0 0 1 0 1 1 0]"
6,0.8797517238852633,"[1 1 1 1 1 1 0 0 1 0 1 1 1 1 0 1 1 0 1 1 1 1 0 0 1 1 0 0 1 0 1 1 1 1 1 0 1 0 0 0]"
6,0.15298097506173952,"[1 1 0 1 0 1 0 0 0 0 1 0 1 1 0 1 1 1 1 1 1 1 0 0 1 1 0 1 1 1 1 1 0 1 1 1 1 1 0 0]"
6,0.8865546752535065,"[1 1 1 1 1 1 0 0 1 1 1 0 1 1 1 1 1 0 0 1 1 0 0 0 1 1 0 0 1 0 1 0 1 1 0 1 1 1 0 0]"
6,0.2377188050335546,"[1 1 0 1 1 1 0 1 1 0 1 1 1 1 0 1 1 0 1 1 1 1 0 0 1 1 0 0 1 0 1 1 1 1 1 0 0 1 0 0]"
6,0.7349125409378646,"[1 1 1 1 1 0 0 0 0 0 1 1 1 1 0 0 0 0 1 1 1 1 0 0 0 1 0 0 1 0 1 1 0 1 0 1 1 0 0 0]"
6,0.4623049929226573,"[1 1 1 0 1 1 0 0 1 1 1 1 1 1 0 1 1 1 0 1 0 1 0 0 1 1 0 1 1 1 1 1 0 1 1 0 1 0 0 0]"
6,0.37949687290418516,"[1 1 1 0 1 0 0 0 0 1 0 1 1 1 0 0 0 0 0 1 0 1 0 0 1 0 0 0 1 0 1 0 1 0 0 1 0 1 1 0]"
6,0.6432928040189398,"[1 1 1 1 0 1 0 0 1 1 1 1 0 0 1 1 1 0 1 1 0 0 0 0 1 0 0 0 1 0 0 1 1 1 0 0 1 1 0 0]"
6,0.5409274675086341,"[1 1 1 1 0 0 0 0 1 0 1 1 1 1 1 0 0 0 1 1 1 1 0 0 1 0 0 0 1 0 0 1 1 0 0 0 0 0 1 0]"
6,0.10710696116249808,"[1 1 0 0 1 1 0 0 1 0 1 1 1 1 1 1 1 0 1 1 1 1 0 0 1 1 0 0 1 0 0 1 1 0 1 0 1 1 1 0]"
6,0.8745772135164936,"[1 1 1 1 1 1 0 0 1 0 0 1 0 1 1 1 1 0 0 1 0 1 0 0 1 0 0 0 1 0 0 0 1 1 0 0 1 1 0 0]"
6,0.7400986998256873,"[1 1 1 1 1 0 0 0 0 1 1 0 1 0 0 0 1 1 1 1 0 0 0 0 0 1 0 0 1 1 1 1 0 1 0 1 1 0 1 0]"
6,0.6377794540407469,"[1 1 1 1 0 1 0 0 1 0 1 1 1 1 0 1 1 0 1 1 1 1 0 0 1 1 0 0 1 0 1 1 1 0 1 0 0 1 0 0]"
6,0.5409275536189468,"[1 1 1 1 0 0 0 0 1 0 1 1 1 1 1 0 0 0 1 1 1 1 0 0 1 1 0 0 1 0 0 1 1 1 0 0 1 1 1 0]"
6,0.7331454307649861,"[1 1 1 1 1 0 0 0 0 0 1 0 1 1 0 0 1 1 1 1 0 0 0 0 0 1 0 0 1 1 0 1 0 1 0 1 1 0 1 0]"
6,0.9092642736087647,"[1 1 1 1 1 1 0 1 1 0 0 1 0 0 1 1 1 0 0 1 0 1 0 0 1 0 0 0 1 0 1 0 1 1 0 0 1 1 0 0]"
6,0.4477607436963664,"[1 1 1 0 1 1 0 0 0 0 1 1 1 1 0 0 0 0 1 1 0 1 0 0 1 0 0 0 1 0 0 1 1 0 1 1 0 1 1 0]"
6,0.13069787356275936,"[1 1 0 1 0 0 0 0 1 1 0 1 1 1 0 1 1 0 0 1 0 1 0 0 1 1 0 0 1 0 1 1 1 1 0 1 1 1 0 0]"
7,0.3765001559764963,"[1 1 1 0 1 0 0 0 0 0 1 0 1 1 0 0 1 1 1 1 0 0 0 0 1 1 0 0 1 0 0 1 0 1 0 1 1 0 1 0]"
7,0.7386033638108704,"[1 1 1 1 1 0 0 0 0 1 0 1 1 1 0 0 0 0 0 1 0 1 0 0 0 0 0 0 1 1 1 0 1 0 0 1 0 1 1 0]"
7,0.4477722419887907,"[1 1 1 0 1 1 0 0 0 0 1 1 1 1 0 0 0 1 0 1 1 1 0 0 0 1 0 0 1 0 1 1 0 1 0 1 1 0 0 0]"
7,0.5408836704624145,"[1 1 1 1 0 0 0 0 1 0 1 1 1 1 0 1 1 0 1 1 1 1 0 0 1 1 0 0 1 0 0 1 1 1 1 0 1 1 0 0]"
7,0.7331454307649861,"[1 1 1 1 1 0 0 0 0 0 1 0 1 1 0 0 1 1 1 1 0 0 0 0 0 1 0 0 1 1 0 1 0 1 0 1 1 0 1 0]"
7,0.7405115839118572,"[1 1 1 1 1 0 0 0 0 1 1 0 1 1 0 0 0 1 1 1 1 1 0 0 0 1 0 0 1 0 1 1 0 1 0 1 1 0 0 0]"
7,0.6248689181866485,"[1 1 1 1 0 1 0 0 0 0 1 1 1 1 0 1 1 0 1 1 1 1 0 0 1 1 0 0 1 0 1 1 1 1 1 0 1 1 0 0]"
7,0.8827240758389531,"[1 1 1 1 1 1 0 0 1 1 0 1 0 0 1 1 1 0 0 1 0 0 0 0 1 0 0 0 1 0 1 0 1 1 0 0 1 1 0 0]"
7,0.3815423583246469,"[1 1 1 0 1 0 0 0 0 1 1 1 1 1 0 0 0 0 0 1 0 0 0 0 1 0 0 0 1 0 1 0 1 0 0 1 0 1 1 0]"
7,0.8821852153322347,"[1 1 1 1 1 1 0 0 1 1 0 0 1 1 1 1 1 0 0 1 1 1 0 0 1 1 0 0 1 0 1 0 1 1 0 1 1 1 0 0]"
7,0.6752904510953633,"[1 1 1 1 0 1 1 0 0 0 1 0 0 1 0 0 1 1 0 1 0 1 0 0 1 0 1 1 1 0 0 1 1 1 0 1 1 1 0 0]"
7,0.740482477725979,"[1 1 1 1 1 0 0 0 0 1 1 0 1 1 0 0 0 0 1 1 1 1 0 0 0 1 0 0 1 1 0 1 0 0 0 1 0 0 1 0]"
7,0.7349956730999673,"[1 1 1 1 1 0 0 0 0 0 1 1 1 1 0 0 1 1 1 1 0 1 0 0 0 1 0 0 1 1 1 1 0 1 0 1 1 0 1 0]"
7,0.6361526122321484,"[1 1 1 1 0 1 0 0 1 0 1 0 1 1 0 1 1 0 1 1 1 1 0 0 1 1 0 0 1 0 0 1 1 0 1 0 0 1 0 0]"
7,0.6377794540407469,"[1 1 1 1 0 1 0 0 1 0 1 1 1 1 0 1 1 0 1 1 1 1 0 0 1 1 0 0 1 0 1 1 1 0 1 0 0 1 0 0]"
7,0.9092642736087647,"[1 1 1 1 1 1 0 1 1 0 0 1 0 0 1 1 1 0 0 1 0 1 0 0 1 0 0 0 1 0 1 0 1 1 0 0 1 1 0 0]"
7,0.7331472338312807,"[1 1 1 1 1 0 0 0 0 0 1 0 1 1 0 0 1 1 1 1 0 1 0 0 0 1 0 0 1 1 0 1 0 1 0 1 1 0 1 0]"
7,0.26882956776234435,"[1 1 1 0 0 0 0 0 0 1 1 1 1 1 0 0 0 0 1 1 0 1 0 0 1 0 0 0 1 0 0 1 1 0 0 1 0 1 1 0]"
7,0.7405115846891719,"[1 1 1 1 1 0 0 0 0 1 1 0 1 1 0 0 0 1 1 1 1 1 0 0 0 1 0 0 1 0 1 1 1 1 0 0 1 0 0 0]"
7,0.8797517229775634,"[1 1 1 1 1 1 0 0 1 0 1 1 1 1 0 1 1 0 1 1 1 1 0 0 1 1 0 0 1 0 1 1 0 1 1 1 1 0 0 0]"
7,0.7031523857453543,"[1 1 1 1 0 1 1 1 0 0 1 0 0 1 0 0 0 0 0 1 1 1 0 0 1 0 1 1 1 0 0 0 1 0 1 1 0 1 0 0]"
7,0.8865546752535065,"[1 1 1 1 1 1 0 0 1 1 1 0 1 1 1 1 1 0 0 1 1 0 0 0 1 1 0 0 1 0 1 0 1 1 0 1 1 1 0 0]"
7,0.886280880782343,"[1 1 1 1 1 1 0 0 1 1 1 0 1 1 0 1 1 0 0 1 1 0 0 0 1 1 0 0 1 0 1 0 1 1 0 1 1 1 0 0]"
7,0.637970341424021,"[1 1 1 1 0 1 0 0 1 0 1 1 1 1 1 1 1 0 0 1 1 1 0 0 1 1 0 0 1 0 0 1 1 1 1 0 1 1 0 0]"
7,0.3803180169500262,"[1 1 1 0 1 0 0 0 0 1 1 0 1 0 0 0 1 1 1 1 0 0 0 0 0 1 0 0 1 1 1 1 0 1 1 1 1 0 1 0]"
7,0.8622970047398902,"[1 1 1 1 1 1 0 0 0 0 1 1 1 1 0 0 0 0 1 1 0 1 0 0 1 0 0 0 1 0 0 1 1 0 0 1 0 1 1 0]"
7,0.8865546753514366,"[1 1 1 1 1 1 0 0 1 1 1 0 1 1 1 1 1 0 0 1 1 0 0 0 1 1 0 0 1 0 1 0 1 1 1 0 1 0 0 0]"
7,0.4623049928681547,"[1 1 1 0 1 1 0 0 1 1 1 1 1 1 0 1 1 1 0 1 0 1 0 0 1 1 0 1 1 1 1 1 0 1 0 1 1 1 0 0]"
7,0.6248689181866485,"[1 1 1 1 0 1 0 0 0 0 1 1 1 1 0 1 1 0 1 1 1 1 0 0 1 1 0 0 1 0 1 1 1 1 1 0 1 1 0 0]"
7,0.376501024423936,"[1 1 1 0 1 0 0 0 0 0 1 0 1 1 0 0 1 1 1 1 0 1 0 0 0 1 0 0 1 0 1 1 1 1 0 1 1 0 0 0]"
7,0.7031523872292135,"[1 1 1 1 0 1 1 1 0 0 1 0 0 1 0 0 0 0 0 1 1 1 0 0 1 0 1 1 1 0 0 1 1 0 0 1 0 1 0 0]"
7,0.4623049929226573,"[1 1 1 0 1 1 0 0 1 1 1 1 1 1 0 1 1 1 0 1 0 1 0 0 1 1 0 1 1 1 1 1 0 1 1 0 1 0 0 0]"
7,0.8860071624138226,"[1 1 1 1 1 1 0 0 1 1 1 0 1 0 1 1 1 0 0 1 1 0 0 0 1 1 0 0 1 0 1 0 1 1 0 1 1 1 0 0]"
7,0.8832697624754774,"[1 1 1 1 1 1 0 0 1 1 0 1 0 1 1 1 1 0 0 1 0 0 0 0 1 0 0 0 1 0 1 0 1 1 0 0 1 1 0 0]"
7,0.7331472338312807,"[1 1 1 1 1 0 0 0 0 0 1 0 1 1 0 0 1 1 1 1 0 1 0 0 0 1 0 0 1 1 0 1 0 1 0 1 1 0 1 0]"
7,0.8745772135164936,"[1 1 1 1 1 1 0 0 1 0 0 1 0 1 1 1 1 0 0 1 0 1 0 0 1 0 0 0 1 0 0 0 1 1 0 0 1 1 0 0]"
7,0.8884712557136826,"[1 1 1 1 1 1 0 0 1 1 1 1 1 1 0 1 1 0 0 1 0 1 0 0 1 1 0 1 1 0 0 1 0 1 0 0 1 0 0 0]"
7,0.4545910256655946,"[1 1 1 0 1 1 0 0 1 0 0 1 0 1 1 1 1 1 0 1 0 1 0 0 1 0 0 0 1 1 1 0 1 1 1 0 1 1 0 0]"
7,0.6287146154299552,"[1 1 1 1 0 1 0 0 0 1 1 0 0 1 0 0 0 0 0 1 1 1 0 0 1 0 1 1 1 0 0 1 1 0 1 0 0 1 0 0]"
7,0.6779643645433241,"[1 1 1 1 0 1 1 0 0 0 1 1 1 1 0 1 1 0 1 1 1 1 0 0 1 1 0 0 1 0 1 1 1 1 0 1 1 1 0 0]"
7,0.8745772135164936,"[1 1 1 1 1 1 0 0 1 0 0 1 0 1 1 1 1 0 0 1 0 1 0 0 1 0 0 0 1 0 0 0 1 1 0 0 1 1 0 0]"
7,0.8865546752535065,"[1 1 1 1 1 1 0 0 1 1 1 0 1 1 1 1 1 0 0 1 1 0 0 0 1 1 0 0 1 0 1 0 1 1 0 1 1 1 0 0]"
7,0.7331473465093002,"[1 1 1 1 1 0 0 0 0 0 1 0 1 1 0 0 1 1 1 1 0 1 0 0 1 0 0 0 1 1 0 1 0 1 0 1 1 0 0 0]"
7,0.9092641368396045,"[1 1 1 1 1 1 0 1 1 0 0 1 0 0 1 1 1 0 0 1 0 1 0 0 0 1 0 0 1 0 1 0 1 1 0 0 1 1 1 0]"
7,0.8827240758389531,"[1 1 1 1 1 1 0 0 1 1 0 1 0 0 1 1 1 0 0 1 0 0 0 0 1 0 0 0 1 0 1 0 1 1 0 0 1 1 0 0]"
7,0.8745772135164936,"[1 1 1 1 1 1 0 0 1 0 0 1 0 1 1 1 1 0 0 1 0 1 0 0 1 0 0 0 1 0 0 0 1 1 0 0 1 1 0 0]"
7,0.5409275536189468,"[1 1 1 1 0 0 0 0 1 0 1 1 1 1 1 0 0 0 1 1 1 1 0 0 1 1 0 0 1 0 0 1 1 1 0 0 1 1 1 0]"
7,0.46138060997051933,"[1 1 1 0 1 1 0 0 1 1 1 1 0 0 0 1 1 0 1 1 0 0 0 0 1 0 0 0 1 0 1 0 1 1 0 0 1 1 1 0]"
7,0.26882956776234435,"[1 1 1 0 0 0 0 0 0 1 1 1 1 1 0 0 0 0 1 1 0 1 0 0 1 0 0 0 1 0 0 1 1 0 0 1 0 1 1 0]"
7,0.26882956776234435,"[1 1 1 0 0 0 0 0 0 1 1 1 1 1 0 0 0 0 1 1 0 1 0 0 1 0 0 0 1 0 0 1 1 0 0 1 0 1 1 0]"
8,0.877578617901883,"[1 1 1 1 1 1 0 0 1 0 1 0 1 1 0 1 1 0 1 1 1 1 0 0 1 1 0 0 1 0 1 1 1 1 1 1 1 0 0 0]"
8,0.8843685828293151,"[1 1 1 1 1 1 0 0 1 1 0 1 1 1 1 1 1 0 0 1 1 1 0 0 1 1 0 0 1 0 1 0 0 1 0 1 1 1 0 0]"
8,0.8637148287081603,"[1 1 1 1 1 1 0 0 0 1 0 0 0 1 1 0 1 1 0 1 0 0 0 0 1 0 0 0 1 0 0 1 1 1 0 0 1 1 0 0]"
8,0.6909642366077431,"[1 1 1 1 0 1 1 0 1 0 1 1 0 1 0 1 1 0 0 1 0 1 0 0 1 0 1 1 1 0 1 0 1 1 0 1 1 1 0 0]"
8,0.8832697624754774,"[1 1 1 1 1 1 0 0 1 1 0 1 0 1 1 1 1 0 0 1 0 0 0 0 1 0 0 0 1 0 1 0 1 1 0 0 1 1 0 0]"
8,0.9092641368396045,"[1 1 1 1 1 1 0 1 1 0 0 1 0 0 1 1 1 0 0 1 0 1 0 0 0 1 0 0 1 0 1 0 1 1 0 0 1 1 1 0]"
8,0.26882956776234435,"[1 1 1 0 0 0 0 0 0 1 1 1 1 1 0 0 0 0 1 1 0 1 0 0 1 0 0 0 1 0 0 1 1 0 0 1 0 1 1 0]"
8,0.8745772135164936,"[1 1 1 1 1 1 0 0 1 0 0 1 0 1 1 1 1 0 0 1 0 1 0 0 1 0 0 0 1 0 0 0 1 1 0 0 1 1 0 0]"
8,0.8865545415462261,"[1 1 1 1 1 1 0 0 1 1 1 0 1 1 1 1 1 0 0 1 1 0 0 0 1 0 0 0 1 0 1 0 1 1 0 1 1 1 0 0]"
8,0.8827242090261924,"[1 1 1 1 1 1 0 0 1 1 0 1 0 0 1 1 1 0 0 1 0 0 0 0 1 1 0 0 1 0 1 0 1 1 0 0 1 1 0 0]"
8,0.8800065643257509,"[1 1 1 1 1 1 0 0 1 0 1 1 1 1 1 1 1 0 0 1 1 1 0 0 1 0 0 0 1 0 0 1 1 1 0 0 1 1 0 0]"
8,0.6400049188279239,"[1 1 1 1 0 1 0 0 1 1 0 1 0 0 1 1 1 0 0 1 0 0 0 0 1 1 0 0 1 0 1 0 1 1 1 0 1 1 0 0]"
8,0.8756598189306548,"[1 1 1 1 1 1 0 0 1 0 0 1 1 1 1 1 1 0 0 1 0 1 0 0 1 0 0 0 1 0 0 0 1 1 0 0 1 1 0 0]"
8,0.63534059424499,"[1 1 1 1 0 1 0 0 1 0 1 0 0 1 0 1 1 0 1 1 1 1 0 0 1 1 0 0 1 0 0 1 1 0 1 0 0 1 0 0]"
8,0.6361526122321484,"[1 1 1 1 0 1 0 0 1 0 1 0 1 1 0 1 1 0 1 1 1 1 0 0 1 1 0 0 1 0 0 1 1 0 1 0 0 1 0 0]"
8,0.886280880782343,"[1 1 1 1 1 1 0 0 1 1 1 0 1 1 0 1 1 0 0 1 1 0 0 0 1 1 0 0 1 0 1 0 1 1 0 1 1 1 0 0]"
8,0.8745772135164936,"[1 1 1 1 1 1 0 0 1 0 0 1 0 1 1 1 1 0 0 1 0 1 0 0 1 0 0 0 1 0 0 0 1 1 0 0 1 1 0 0]"
8,0.7405115846891719,"[1 1 1 1 1 0 0 0 0 1 1 0 1 1 0 0 0 1 1 1 1 1 0 0 0 1 0 0 1 0 1 1 1 1 0 0 1 0 0 0]"
8,0.8802722389211627,"[1 1 1 1 1 1 0 0 1 1 0 0 0 0 0 1 1 0 0 1 0 0 0 0 1 0 0 0 1 0 1 0 1 1 0 1 1 1 0 0]"
8,0.8887477728448856,"[1 1 1 1 1 1 0 0 1 1 1 1 1 1 1 1 1 0 0 1 1 0 0 0 1 1 0 0 1 0 1 0 1 1 0 0 1 1 0 0]"
8,0.7331472338312807,"[1 1 1 1 1 0 0 0 0 0 1 0 1 1 0 0 1 1 1 1 0 1 0 0 0 1 0 0 1 1 0 1 0 1 0 1 1 0 1 0]"
8,0.740482477725979,"[1 1 1 1 1 0 0 0 0 1 1 0 1 1 0 0 0 0 1 1 1 1 0 0 0 1 0 0 1 1 0 1 0 0 0 1 0 0 1 0]"
8,0.8606126738368537,"[1 1 1 1 1 1 0 0 0 0 1 0 1 1 1 1 1 0 0 1 0 1 0 0 1 1 0 0 1 0 0 0 1 1 0 0 1 1 1 0]"
8,0.3831400327082505,"[1 1 1 0 1 0 0 0 1 0 0 1 0 1 0 0 1 1 1 1 0 0 0 0 1 0 0 0 1 0 0 1 0 1 0 1 1 0 0 0]"
8,0.7031523857453543,"[1 1 1 1 0 1 1 1 0 0 1 0 0 1 0 0 0 0 0 1 1 1 0 0 1 0 1 1 1 0 0 0 1 0 1 1 0 1 0 0]"
8,0.7405115846891719,"[1 1 1 1 1 0 0 0 0 1 1 0 1 1 0 0 0 1 1 1 1 1 0 0 0 1 0 0 1 0 1 1 1 1 0 0 1 0 0 0]"
8,0.5408836704624145,"[1 1 1 1 0 0 0 0 1 0 1 1 1 1 0 1 1 0 1 1 1 1 0 0 1 1 0 0 1 0 0 1 1 1 1 0 1 1 0 0]"
8,0.8745772135164936,"[1 1 1 1 1 1 0 0 1 0 0 1 0 1 1 1 1 0 0 1 0 1 0 0 1 0 0 0 1 0 0 0 1 1 0 0 1 1 0 0]"
8,0.6248689181866485,"[1 1 1 1 0 1 0 0 0 0 1 1 1 1 0 1 1 0 1 1 1 1 0 0 1 1 0 0 1 0 1 1 1 1 1 0 1 1 0 0]"
8,0.7331454307649861,"[1 1 1 1 1 0 0 0 0 0 1 0 1 1 0 0 1 1 1 1 0 0 0 0 0 1 0 0 1 1 0 1 0 1 0 1 1 0 1 0]"
8,0.8832697624754774,"[1 1 1 1 1 1 0 0 1 1 0 1 0 1 1 1 1 0 0 1 0 0 0 0 1 0 0 0 1 0 1 0 1 1 0 0 1 1 0 0]"
8,0.6361526122321484,"[1 1 1 1 0 1 0 0 1 0 1 0 1 1 0 1 1 0 1 1 1 1 0 0 1 1 0 0 1 0 0 1 1 0 1 0 0 1 0 0]"
8,0.8884712557136826,"[1 1 1 1 1 1 0 0 1 1 1 1 1 1 0 1 1 0 0 1 0 1 0 0 1 1 0 1 1 0 0 1 0 1 0 0 1 0 0 0]"
8,0.740482477725979,"[1 1 1 1 1 0 0 0 0 1 1 0 1 1 0 0 0 0 1 1 1 1 0 0 0 1 0 0 1 1 0 1 0 0 0 1 0 0 1 0]"
8,0.4545910256655946,"[1 1 1 0 1 1 0 0 1 0 0 1 0 1 1 1 1 1 0 1 0 1 0 0 1 0 0 0 1 1 1 0 1 1 1 0 1 1 0 0]"
8,0.9092642736087647,"[1 1 1 1 1 1 0 1 1 0 0 1 0 0 1 1 1 0 0 1 0 1 0 0 1 0 0 0 1 0 1 0 1 1 0 0 1 1 0 0]"
8,0.6248689180913404,"[1 1 1 1 0 1 0 0 0 0 1 1 1 1 0 1 1 0 1 1 1 1 0 0 1 1 0 0 1 0 1 1 1 1 0 1 1 1 0 0]"
8,0.5875361749178574,"[1 1 1 1 0 0 1 0 1 0 1 1 1 1 0 1 1 0 1 1 1 1 0 0 1 1 0 0 1 0 0 1 1 1 1 0 1 1 0 0]"
8,0.3815423583246469,"[1 1 1 0 1 0 0 0 0 1 1 1 1 1 0 0 0 0 0 1 0 0 0 0 1 0 0 0 1 0 1 0 1 0 0 1 0 1 1 0]"
8,0.7331472338312807,"[1 1 1 1 1 0 0 0 0 0 1 0 1 1 0 0 1 1 1 1 0 1 0 0 0 1 0 0 1 1 0 1 0 1 0 1 1 0 1 0]"
8,0.8810930908208575,"[1 1 1 1 1 1 0 0 1 1 0 0 0 1 1 1 1 0 0 1 1 0 0 0 1 0 0 0 1 0 1 0 1 1 0 0 1 1 0 0]"
8,0.8887434849253547,"[1 1 1 1 1 1 0 0 1 1 1 1 1 1 1 1 1 0 0 1 0 0 0 0 1 1 0 0 1 0 1 0 1 1 1 0 1 0 0 0]"
8,0.8860071624138226,"[1 1 1 1 1 1 0 0 1 1 1 0 1 0 1 1 1 0 0 1 1 0 0 0 1 1 0 0 1 0 1 0 1 1 0 1 1 1 0 0]"
8,0.8865546753514366,"[1 1 1 1 1 1 0 0 1 1 1 0 1 1 1 1 1 0 0 1 1 0 0 0 1 1 0 0 1 0 1 0 1 1 1 0 1 0 0 0]"
8,0.6395503375455828,"[1 1 1 1 0 1 0 0 1 1 0 0 1 1 1 1 0 0 0 1 1 1 0 0 1 1 0 0 1 0 1 0 1 0 0 1 1 1 0 0]"
8,0.9670238892982961,"[1 1 1 1 1 1 1 1 0 0 1 0 0 1 0 0 1 0 0 1 1 1 0 0 1 0 1 1 1 0 0 0 1 1 1 1 0 1 0 0]"
8,0.8860071624138226,"[1 1 1 1 1 1 0 0 1 1 1 0 1 0 1 1 1 0 0 1 1 0 0 0 1 1 0 0 1 0 1 0 1 1 0 1 1 1 0 0]"
8,0.8865546752535065,"[1 1 1 1 1 1 0 0 1 1 1 0 1 1 1 1 1 0 0 1 1 0 0 0 1 1 0 0 1 0 1 0 1 1 0 1 1 1 0 0]"
8,0.9179859540796884,"[1 1 1 1 1 1 0 1 1 1 0 1 0 0 0 1 1 0 0 1 0 1 0 0 1 0 0 0 1 0 1 0 1 1 0 1 1 1 0 0]"
8,0.45760225069389754,"[1 1 1 0 1 1 0 0 1 0 1 1 1 1 1 1 1 1 0 1 0 1 0 0 1 1 0 1 1 1 1 1 0 1 0 0 1 1 0 0]"
9,0.9179859540796884,"[1 1 1 1 1 1 0 1 1 1 0 1 0 0 0 1 1 0 0 1 0 1 0 0 1 0 0 0 1 0 1 0 1 1 0 1 1 1 0 0]"
9,0.9179859540796884,"[1 1 1 1 1 1 0 1 1 1 0 1 0 0 0 1 1 0 0 1 0 1 0 0 1 0 0 0 1 0 1 0 1 1 0 1 1 1 0 0]"
9,0.8864176305721726,"[1 1 1 1 1 1 0 0 1 1 1 0 1 1 1 0 1 0 0 1 1 0 0 0 1 0 0 0 1 0 0 0 1 1 0 1 0 1 0 0]"
9,0.9671719558405192,"[1 1 1 1 1 1 1 1 0 0 1 0 0 1 0 1 1 0 0 1 1 1 0 0 1 0 1 1 1 0 1 0 1 1 1 1 1 1 0 0]"
9,0.6909642366077431,"[1 1 1 1 0 1 1 0 1 0 1 1 0 1 0 1 1 0 0 1 0 1 0 0 1 0 1 1 1 0 1 0 1 1 0 1 1 1 0 0]"
9,0.8745772135164936,"[1 1 1 1 1 1 0 0 1 0 0 1 0 1 1 1 1 0 0 1 0 1 0 0 1 0 0 0 1 0 0 0 1 1 0 0 1 1 0 0]"
9,0.7331182655049637,"[1 1 1 1 1 0 0 0 0 0 1 0 1 1 0 0 1 0 1 1 0 1 0 0 0 0 0 0 1 0 0 1 0 1 0 1 1 0 0 0]"
9,0.886588913287624,"[1 1 1 1 1 1 0 0 1 1 1 0 1 1 1 1 1 1 0 1 1 0 0 0 1 1 0 0 1 1 1 0 1 1 0 1 1 1 1 0]"
9,0.8606126738368537,"[1 1 1 1 1 1 0 0 0 0 1 0 1 1 1 1 1 0 0 1 0 1 0 0 1 1 0 0 1 0 0 0 1 1 0 0 1 1 1 0]"
9,0.8843685828293151,"[1 1 1 1 1 1 0 0 1 1 0 1 1 1 1 1 1 0 0 1 1 1 0 0 1 1 0 0 1 0 1 0 0 1 0 1 1 1 0 0]"
9,0.8802722389211627,"[1 1 1 1 1 1 0 0 1 1 0 0 0 0 0 1 1 0 0 1 0 0 0 0 1 0 0 0 1 0 1 0 1 1 0 1 1 1 0 0]"
9,0.8832697624754774,"[1 1 1 1 1 1 0 0 1 1 0 1 0 1 1 1 1 0 0 1 0 0 0 0 1 0 0 0 1 0 1 0 1 1 0 0 1 1 0 0]"
9,0.8876461971707436,"[1 1 1 1 1 1 0 0 1 1 1 1 0 1 1 1 1 0 0 1 0 0 0 0 1 0 0 0 1 0 1 0 1 1 0 0 1 1 0 0]"
9,0.884366449175243,"[1 1 1 1 1 1 0 0 1 1 0 1 1 1 1 1 1 0 0 1 1 0 0 0 1 1 0 0 1 0 1 0 1 1 0 0 1 1 0 0]"
9,0.6909642366077431,"[1 1 1 1 0 1 1 0 1 0 1 1 0 1 0 1 1 0 0 1 0 1 0 0 1 0 1 1 1 0 1 0 1 1 0 1 1 1 0 0]"
9,0.8832697624754774,"[1 1 1 1 1 1 0 0 1 1 0 1 0 1 1 1 1 0 0 1 0 0 0 0 1 0 0 0 1 0 1 0 1 1 0 0 1 1 0 0]"
9,0.9092641368396045,"[1 1 1 1 1 1 0 1 1 0 0 1 0 0 1 1 1 0 0 1 0 1 0 0 0 1 0 0 1 0 1 0 1 1 0 0 1 1 1 0]"
9,0.8810930908208575,"[1 1 1 1 1 1 0 0 1 1 0 0 0 1 1 1 1 0 0 1 1 0 0 0 1 0 0 0 1 0 1 0 1 1 0 0 1 1 0 0]"
9,0.8745772135164936,"[1 1 1 1 1 1 0 0 1 0 0 1 0 1 1 1 1 0 0 1 0 1 0 0 1 0 0 0 1 0 0 0 1 1 0 0 1 1 0 0]"
9,0.8745772135164936,"[1 1 1 1 1 1 0 0 1 0 0 1 0 1 1 1 1 0 0 1 0 1 0 0 1 0 0 0 1 0 0 0 1 1 0 0 1 1 0 0]"
9,0.8860071624138226,"[1 1 1 1 1 1 0 0 1 1 1 0 1 0 1 1 1 0 0 1 1 0 0 0 1 1 0 0 1 0 1 0 1 1 0 1 1 1 0 0]"
9,0.8808165612906006,"[1 1 1 1 1 1 0 0 1 1 0 0 0 1 0 1 1 0 0 1 0 0 0 0 1 0 0 0 1 0 1 0 1 1 0 1 1 1 0 0]"
9,0.6909642098979745,"[1 1 1 1 0 1 1 0 1 0 1 1 0 1 0 1 1 0 0 1 0 1 0 0 1 0 1 0 1 0 1 0 1 1 0 1 1 1 0 0]"
9,0.888743518426443,"[1 1 1 1 1 1 0 0 1 1 1 1 1 1 1 1 1 0 0 1 0 0 0 0 1 1 0 1 1 0 1 0 1 1 1 0 1 0 0 0]"
9,0.886280880782343,"[1 1 1 1 1 1 0 0 1 1 1 0 1 1 0 1 1 0 0 1 1 0 0 0 1 1 0 0 1 0 1 0 1 1 0 1 1 1 0 0]"
9,0.8745772135164936,"[1 1 1 1 1 1 0 0 1 0 0 1 0 1 1 1 1 0 0 1 0 1 0 0 1 0 0 0 1 0 0 0 1 1 0 0 1 1 0 0]"
9,0.8775784853488959,"[1 1 1 1 1 1 0 0 1 0 1 0 1 1 0 1 1 0 1 1 1 1 0 0 1 0 0 0 1 0 1 1 1 1 1 1 0 0 0 0]"
9,0.9670240339506918,"[1 1 1 1 1 1 1 1 0 0 1 0 0 1 0 0 1 0 0 1 1 1 0 0 1 1 1 1 1 0 0 0 1 1 1 1 1 1 0 0]"
9,0.8865546752535065,"[1 1 1 1 1 1 0 0 1 1 1 0 1 1 1 1 1 0 0 1 1 0 0 0 1 1 0 0 1 0 1 0 1 1 0 1 1 1 0 0]"
9,0.8606126738368537,"[1 1 1 1 1 1 0 0 0 0 1 0 1 1 1 1 1 0 0 1 0 1 0 0 1 1 0 0 1 0 0 0 1 1 0 0 1 1 1 0]"
9,0.8865545415625479,"[1 1 1 1 1 1 0 0 1 1 1 0 1 1 1 1 1 0 0 1 1 0 0 0 1 0 0 0 1 0 1 0 1 1 0 1 1 1 1 0]"
9,0.8606126738209625,"[1 1 1 1 1 1 0 0 0 0 1 0 1 1 1 1 1 0 0 1 0 1 0 0 1 1 0 0 1 0 0 0 1 1 0 0 1 1 0 0]"
9,0.6909642366077431,"[1 1 1 1 0 1 1 0 1 0 1 1 0 1 0 1 1 0 0 1 0 1 0 0 1 0 1 1 1 0 1 0 1 1 0 1 1 1 0 0]"
9,0.8832697624754774,"[1 1 1 1 1 1 0 0 1 1 0 1 0 1 1 1 1 0 0 1 0 0 0 0 1 0 0 0 1 0 1 0 1 1 0 0 1 1 0 0]"
9,0.886280880782343,"[1 1 1 1 1 1 0 0 1 1 1 0 1 1 0 1 1 0 0 1 1 0 0 0 1 1 0 0 1 0 1 0 1 1 0 1 1 1 0 0]"
9,0.7031523857453543,"[1 1 1 1 0 1 1 1 0 0 1 0 0 1 0 0 0 0 0 1 1 1 0 0 1 0 1 1 1 0 0 0 1 0 1 1 0 1 0 0]"
9,0.8810930908208575,"[1 1 1 1 1 1 0 0 1 1 0 0 0 1 1 1 1 0 0 1 1 0 0 0 1 0 0 0 1 0 1 0 1 1 0 0 1 1 0 0]"
9,0.6395503375455828,"[1 1 1 1 0 1 0 0 1 1 0 0 1 1 1 1 0 0 0 1 1 1 0 0 1 1 0 0 1 0 1 0 1 0 0 1 1 1 0 0]"
9,0.9092642736087647,"[1 1 1 1 1 1 0 1 1 0 0 1 0 0 1 1 1 0 0 1 0 1 0 0 1 0 0 0 1 0 1 0 1 1 0 0 1 1 0 0]"
9,0.8832697624754774,"[1 1 1 1 1 1 0 0 1 1 0 1 0 1 1 1 1 0 0 1 0 0 0 0 1 0 0 0 1 0 1 0 1 1 0 0 1 1 0 0]"
9,0.7330642964445592,"[1 1 1 1 1 0 0 0 0 0 1 0 1 1 0 0 0 0 1 1 1 1 0 0 0 1 0 0 1 1 0 1 0 0 0 1 0 1 1 0]"
9,0.6426824576815078,"[1 1 1 1 0 1 0 0 1 1 1 0 1 1 0 1 1 0 1 1 1 1 0 0 1 1 0 0 1 0 0 1 1 0 1 0 0 0 0 0]"
9,0.9092686507325941,"[1 1 1 1 1 1 0 1 1 0 0 1 0 0 1 1 1 0 0 1 1 1 0 0 1 0 0 0 1 0 1 0 1 1 0 0 1 0 0 0]"
9,0.8775743783176988,"[1 1 1 1 1 1 0 0 1 0 1 0 1 1 0 1 1 0 1 1 0 1 0 0 1 1 0 0 1 0 1 1 1 1 1 1 1 1 0 0]"
9,0.8887455250913611,"[1 1 1 1 1 1 0 0 1 1 1 1 1 1 1 1 1 0 0 1 0 1 0 0 1 0 0 1 1 0 0 1 0 1 0 0 1 0 0 0]"
9,0.8743068824972278,"[1 1 1 1 1 1 0 0 1 0 0 1 0 1 0 1 1 0 0 1 0 1 0 0 1 1 0 0 1 0 0 0 1 1 0 0 1 1 0 0]"
9,0.8744736803622748,"[1 1 1 1 1 1 0 0 1 0 0 1 0 1 1 0 1 1 0 1 0 0 0 0 1 0 0 0 1 1 1 0 1 1 0 0 1 1 0 0]"
9,0.44862219407055914,"[1 1 1 0 1 1 0 0 0 1 0 0 0 1 1 1 1 1 0 1 0 1 0 0 1 0 0 0 1 0 0 1 1 1 1 0 1 1 0 0]"
9,0.8637148287081603,"[1 1 1 1 1 1 0 0 0 1 0 0 0 1 1 0 1 1 0 1 0 0 0 0 1 0 0 0 1 0 0 1 1 1 0 0 1 1 0 0]"
9,0.8606126738368537,"[1 1 1 1 1 1 0 0 0 0 1 0 1 1 1 1 1 0 0 1 0 1 0 0 1 1 0 0 1 0 0 0 1 1 0 0 1 1 1 0]"
10,0.884366449175243,"[1 1 1 1 1 1 0 0 1 1 0 1 1 1 1 1 1 0 0 1 1 0 0 0 1 1 0 0 1 0 1 0 1 1 0 0 1 1 0 0]"
10,0.8887455250913611,"[1 1 1 1 1 1 0 0 1 1 1 1 1 1 1 1 1 0 0 1 0 1 0 0 1 0 0 1 1 0 0 1 0 1 0 0 1 0 0 0]"
10,0.9092642736087647,"[1 1 1 1 1 1 0 1 1 0 0 1 0 0 1 1 1 0 0 1 0 1 0 0 1 0 0 0 1 0 1 0 1 1 0 0 1 1 0 0]"
10,0.8775743783176988,"[1 1 1 1 1 1 0 0 1 0 1 0 1 1 0 1 1 0 1 1 0 1 0 0 1 1 0 0 1 0 1 1 1 1 1 1 1 1 0 0]"
10,0.8829968813488328,"[1 1 1 1 1 1 0 0 1 1 0 1 0 1 0 1 1 0 0 1 0 0 0 0 1 0 0 0 1 0 1 0 1 1 0 1 1 1 0 0]"
10,0.881088835926679,"[1 1 1 1 1 1 0 0 1 1 0 0 0 1 1 1 1 0 0 1 0 0 0 0 1 0 0 0 1 0 1 0 1 1 0 0 1 1 0 0]"
10,0.8832720270097143,"[1 1 1 1 1 1 0 0 1 1 0 1 0 1 1 1 1 0 0 1 0 1 0 0 1 1 0 0 1 0 1 0 0 1 0 1 1 1 0 0]"
10,0.8843663157650183,"[1 1 1 1 1 1 0 0 1 1 0 1 1 1 1 1 1 0 0 1 1 0 0 0 1 0 0 0 1 0 1 0 1 1 0 0 1 1 0 0]"
10,0.8843663157650183,"[1 1 1 1 1 1 0 0 1 1 0 1 1 1 1 1 1 0 0 1 1 0 0 0 1 0 0 0 1 0 1 0 1 1 0 0 1 1 0 0]"
10,0.8832698957368152,"[1 1 1 1 1 1 0 0 1 1 0 1 0 1 1 1 1 0 0 1 0 0 0 0 1 1 0 0 1 0 1 0 1 1 0 0 1 1 0 0]"
10,0.8876461971707436,"[1 1 1 1 1 1 0 0 1 1 1 1 0 1 1 1 1 0 0 1 0 0 0 0 1 0 0 0 1 0 1 0 1 1 0 0 1 1 0 0]"
10,0.886588913287624,"[1 1 1 1 1 1 0 0 1 1 1 0 1 1 1 1 1 1 0 1 1 0 0 0 1 1 0 0 1 1 1 0 1 1 0 1 1 1 1 0]"
10,0.9182685478945626,"[1 1 1 1 1 1 0 1 1 1 0 1 0 0 1 1 1 0 0 1 0 1 0 0 1 0 0 0 1 0 1 0 1 1 0 1 1 1 0 0]"
10,0.8808208148715827,"[1 1 1 1 1 1 0 0 1 1 0 0 0 1 0 1 1 0 0 1 1 0 0 0 1 0 0 0 1 0 1 0 1 1 0 0 1 1 0 0]"
10,0.9309282283980971,"[1 1 1 1 1 1 1 0 0 0 1 0 1 1 0 0 1 0 0 1 1 1 0 0 1 1 1 1 1 0 0 0 1 1 0 1 1 1 0 0]"
10,0.7622435006697486,"[1 1 1 1 1 0 0 1 0 0 1 0 0 1 0 0 1 0 1 1 0 1 0 0 0 0 0 0 1 0 0 1 0 1 1 1 1 0 0 0]"
10,0.8552953088543295,"[1 1 1 1 1 1 0 0 0 0 0 0 0 1 1 1 1 0 0 1 0 1 0 0 1 1 0 0 1 0 0 0 1 1 0 0 1 1 1 0]"
10,0.8800023120788493,"[1 1 1 1 1 1 0 0 1 0 1 1 1 1 1 1 1 0 0 1 0 1 0 0 1 0 0 0 1 0 0 0 1 1 0 0 1 1 0 0]"
10,0.8808165612906006,"[1 1 1 1 1 1 0 0 1 1 0 0 0 1 0 1 1 0 0 1 0 0 0 0 1 0 0 0 1 0 1 0 1 1 0 1 1 1 0 0]"
10,0.9092641368396045,"[1 1 1 1 1 1 0 1 1 0 0 1 0 0 1 1 1 0 0 1 0 1 0 0 0 1 0 0 1 0 1 0 1 1 0 0 1 1 1 0]"
10,0.8862809140693377,"[1 1 1 1 1 1 0 0 1 1 1 0 1 1 0 1 1 0 0 1 1 0 0 0 1 1 0 1 1 0 1 0 1 1 0 0 1 1 0 0]"
10,0.8887434850562183,"[1 1 1 1 1 1 0 0 1 1 1 1 1 1 1 1 1 0 0 1 0 0 0 0 1 1 0 0 1 0 1 0 1 1 1 1 1 0 0 0]"
10,0.8887456570021754,"[1 1 1 1 1 1 0 0 1 1 1 1 1 1 1 1 1 0 0 1 0 1 0 0 1 1 0 1 1 0 0 0 0 1 0 0 1 0 0 0]"
10,0.884366317849553,"[1 1 1 1 1 1 0 0 1 1 0 1 1 1 1 1 1 0 0 1 1 0 0 0 1 0 0 0 1 0 1 1 1 1 0 0 1 1 0 0]"
10,0.8860071624138226,"[1 1 1 1 1 1 0 0 1 1 1 0 1 0 1 1 1 0 0 1 1 0 0 0 1 1 0 0 1 0 1 0 1 1 0 1 1 1 0 0]"
10,0.886280880782343,"[1 1 1 1 1 1 0 0 1 1 1 0 1 1 0 1 1 0 0 1 1 0 0 0 1 1 0 0 1 0 1 0 1 1 0 1 1 1 0 0]"
10,0.8745772135164936,"[1 1 1 1 1 1 0 0 1 0 0 1 0 1 1 1 1 0 0 1 0 1 0 0 1 0 0 0 1 0 0 0 1 1 0 0 1 1 0 0]"
10,0.8745772135164936,"[1 1 1 1 1 1 0 0 1 0 0 1 0 1 1 1 1 0 0 1 0 1 0 0 1 0 0 0 1 0 0 0 1 1 0 0 1 1 0 0]"
10,0.9092686507325941,"[1 1 1 1 1 1 0 1 1 0 0 1 0 0 1 1 1 0 0 1 1 1 0 0 1 0 0 0 1 0 1 0 1 1 0 0 1 0 0 0]"
10,0.8832697624754774,"[1 1 1 1 1 1 0 0 1 1 0 1 0 1 1 1 1 0 0 1 0 0 0 0 1 0 0 0 1 0 1 0 1 1 0 0 1 1 0 0]"
10,0.8808165612906006,"[1 1 1 1 1 1 0 0 1 1 0 0 0 1 0 1 1 0 0 1 0 0 0 0 1 0 0 0 1 0 1 0 1 1 0 1 1 1 0 0]"
10,0.6426824576815078,"[1 1 1 1 0 1 0 0 1 1 1 0 1 1 0 1 1 0 1 1 1 1 0 0 1 1 0 0 1 0 0 1 1 0 1 0 0 0 0 0]"
10,0.8764937430723148,"[1 1 1 1 1 1 0 0 1 0 1 0 0 1 0 1 1 0 1 1 1 1 0 0 1 0 0 0 1 0 1 0 1 1 1 1 0 0 0 0]"
10,0.8843620487319181,"[1 1 1 1 1 1 0 0 1 1 0 1 1 1 1 1 1 0 0 1 0 0 0 0 1 0 0 0 1 0 1 1 1 1 0 0 1 1 0 0]"
10,0.8849129160894502,"[1 1 1 1 1 1 0 0 1 1 1 0 0 0 1 1 1 0 0 1 1 0 0 0 1 0 0 0 1 0 1 0 1 1 0 1 1 0 1 0]"
10,0.9109508816695617,"[1 1 1 1 1 1 0 1 1 0 0 1 1 1 1 1 1 0 0 1 1 1 0 0 1 0 0 0 1 0 1 0 1 1 0 0 1 1 0 0]"
10,0.8887455250913611,"[1 1 1 1 1 1 0 0 1 1 1 1 1 1 1 1 1 0 0 1 0 1 0 0 1 0 0 1 1 0 0 1 0 1 0 0 1 0 0 0]"
10,0.884366449175243,"[1 1 1 1 1 1 0 0 1 1 0 1 1 1 1 1 1 0 0 1 1 0 0 0 1 1 0 0 1 0 1 0 1 1 0 0 1 1 0 0]"
10,0.9092642736087647,"[1 1 1 1 1 1 0 1 1 0 0 1 0 0 1 1 1 0 0 1 0 1 0 0 1 0 0 0 1 0 1 0 1 1 0 0 1 1 0 0]"
10,0.8864176305721726,"[1 1 1 1 1 1 0 0 1 1 1 0 1 1 1 0 1 0 0 1 1 0 0 0 1 0 0 0 1 0 0 0 1 1 0 1 0 1 0 0]"
10,0.9671719558405192,"[1 1 1 1 1 1 1 1 0 0 1 0 0 1 0 1 1 0 0 1 1 1 0 0 1 0 1 1 1 0 1 0 1 1 1 1 1 1 0 0]"
10,0.886280880782343,"[1 1 1 1 1 1 0 0 1 1 1 0 1 1 0 1 1 0 0 1 1 0 0 0 1 1 0 0 1 0 1 0 1 1 0 1 1 1 0 0]"
10,0.8606126779050051,"[1 1 1 1 1 1 0 0 0 0 1 0 1 1 1 1 1 0 0 1 0 1 0 0 1 1 0 0 1 0 1 0 1 1 0 0 1 1 1 0]"
10,0.8865545373841957,"[1 1 1 1 1 1 0 0 1 1 1 0 1 1 1 1 1 0 0 1 1 0 0 0 1 0 0 0 1 0 0 0 1 1 0 1 1 1 1 0]"
10,0.8887455250913611,"[1 1 1 1 1 1 0 0 1 1 1 1 1 1 1 1 1 0 0 1 0 1 0 0 1 0 0 1 1 0 0 1 0 1 0 0 1 0 0 0]"
10,0.8860071624138226,"[1 1 1 1 1 1 0 0 1 1 1 0 1 0 1 1 1 0 0 1 1 0 0 0 1 1 0 0 1 0 1 0 1 1 0 1 1 1 0 0]"
10,0.8827239426679901,"[1 1 1 1 1 1 0 0 1 1 0 1 0 0 1 1 1 0 0 1 0 0 0 0 0 1 0 0 1 0 1 0 1 1 0 0 1 1 1 0]"
10,0.9143193501759614,"[1 1 1 1 1 1 0 1 1 0 1 1 0 1 1 1 1 0 0 1 0 1 0 0 1 0 0 0 1 0 1 0 1 1 0 0 1 1 0 0]"
10,0.8778287813392796,"[1 1 1 1 1 1 0 0 1 0 1 0 1 1 1 1 1 0 0 1 0 1 0 0 1 1 0 0 1 0 0 0 1 1 0 0 1 1 0 0]"
10,0.8689155095424653,"[1 1 1 1 1 1 0 0 0 1 1 0 1 1 0 1 1 0 0 1 1 0 0 0 1 1 0 0 1 0 1 0 1 1 0 1 1 1 0 0]"
11,0.886280880782343,"[1 1 1 1 1 1 0 0 1 1 1 0 1 1 0 1 1 0 0 1 1 0 0 0 1 1 0 0 1 0 1 0 1 1 0 1 1 1 0 0]"
11,0.8887455250913611,"[1 1 1 1 1 1 0 0 1 1 1 1 1 1 1 1 1 0 0 1 0 1 0 0 1 0 0 1 1 0 0 1 0 1 0 0 1 0 0 0]"
11,0.886588913287624,"[1 1 1 1 1 1 0 0 1 1 1 0 1 1 1 1 1 1 0 1 1 0 0 0 1 1 0 0 1 1 1 0 1 1 0 1 1 1 1 0]"
11,0.8832698957368152,"[1 1 1 1 1 1 0 0 1 1 0 1 0 1 1 1 1 0 0 1 0 0 0 0 1 1 0 0 1 0 1 0 1 1 0 0 1 1 0 0]"
11,0.9309282283980971,"[1 1 1 1 1 1 1 0 0 0 1 0 1 1 0 0 1 0 0 1 1 1 0 0 1 1 1 1 1 0 0 0 1 1 0 1 1 1 0 0]"
11,0.8827239426679901,"[1 1 1 1 1 1 0 0 1 1 0 1 0 0 1 1 1 0 0 1 0 0 0 0 0 1 0 0 1 0 1 0 1 1 0 0 1 1 1 0]"
11,0.8939780496657048,"[1 1 1 1 1 1 0 1 0 0 1 0 0 1 0 1 1 0 0 1 1 1 0 0 1 0 1 0 1 0 1 0 1 1 0 1 1 1 0 0]"
11,0.98357911314393,"[1 1 1 1 1 1 1 1 1 0 0 1 0 0 1 1 1 0 0 1 0 1 0 0 1 0 0 1 1 0 1 0 1 1 1 0 1 1 0 0]"
11,0.8843663179798363,"[1 1 1 1 1 1 0 0 1 1 0 1 1 1 1 1 1 0 0 1 1 0 0 0 1 0 0 0 1 0 1 1 1 1 0 1 1 1 0 0]"
11,0.886588913157046,"[1 1 1 1 1 1 0 0 1 1 1 0 1 1 1 1 1 1 0 1 1 0 0 0 1 1 0 0 1 1 1 0 1 1 0 0 1 1 1 0]"
11,0.8808165602520993,"[1 1 1 1 1 1 0 0 1 1 0 0 0 1 0 1 1 0 0 1 0 0 0 0 1 0 0 0 1 0 1 0 0 1 0 1 1 1 0 0]"
11,0.8832720280508208,"[1 1 1 1 1 1 0 0 1 1 0 1 0 1 1 1 1 0 0 1 0 1 0 0 1 1 0 0 1 0 1 0 1 1 0 1 1 1 0 0]"
11,0.8865545373841957,"[1 1 1 1 1 1 0 0 1 1 1 0 1 1 1 1 1 0 0 1 1 0 0 0 1 0 0 0 1 0 0 0 1 1 0 1 1 1 1 0]"
11,0.8843620487319181,"[1 1 1 1 1 1 0 0 1 1 0 1 1 1 1 1 1 0 0 1 0 0 0 0 1 0 0 0 1 0 1 1 1 1 0 0 1 1 0 0]"
11,0.9092686507325941,"[1 1 1 1 1 1 0 1 1 0 0 1 0 0 1 1 1 0 0 1 1 1 0 0 1 0 0 0 1 0 1 0 1 1 0 0 1 0 0 0]"
11,0.9092641368396045,"[1 1 1 1 1 1 0 1 1 0 0 1 0 0 1 1 1 0 0 1 0 1 0 0 0 1 0 0 1 0 1 0 1 1 0 0 1 1 1 0]"
11,0.8862958542998891,"[1 1 1 1 1 1 0 0 1 1 1 0 1 1 0 1 1 0 1 1 0 1 0 0 1 1 0 0 1 0 1 1 1 1 1 1 1 1 0 0]"
11,0.8772882444862171,"[1 1 1 1 1 1 0 0 1 0 1 0 1 0 1 1 1 0 0 1 1 0 0 0 1 1 0 0 1 0 1 0 1 1 0 1 1 1 0 0]"
11,0.8887455250913611,"[1 1 1 1 1 1 0 0 1 1 1 1 1 1 1 1 1 0 0 1 0 1 0 0 1 0 0 1 1 0 0 1 0 1 0 0 1 0 0 0]"
11,0.9092641368396045,"[1 1 1 1 1 1 0 1 1 0 0 1 0 0 1 1 1 0 0 1 0 1 0 0 0 1 0 0 1 0 1 0 1 1 0 0 1 1 1 0]"
11,0.8887455250913611,"[1 1 1 1 1 1 0 0 1 1 1 1 1 1 1 1 1 0 0 1 0 1 0 0 1 0 0 1 1 0 0 1 0 1 0 0 1 0 0 0]"
11,0.8887455250913611,"[1 1 1 1 1 1 0 0 1 1 1 1 1 1 1 1 1 0 0 1 0 1 0 0 1 0 0 1 1 0 0 1 0 1 0 0 1 0 0 0]"
11,0.886588913287624,"[1 1 1 1 1 1 0 0 1 1 1 0 1 1 1 1 1 1 0 1 1 0 0 0 1 1 0 0 1 1 1 0 1 1 0 1 1 1 1 0]"
11,0.9092686507325941,"[1 1 1 1 1 1 0 1 1 0 0 1 0 0 1 1 1 0 0 1 1 1 0 0 1 0 0 0 1 0 1 0 1 1 0 0 1 0 0 0]"
11,0.8865545373841957,"[1 1 1 1 1 1 0 0 1 1 1 0 1 1 1 1 1 0 0 1 1 0 0 0 1 0 0 0 1 0 0 0 1 1 0 1 1 1 1 0]"
11,0.8887456570021754,"[1 1 1 1 1 1 0 0 1 1 1 1 1 1 1 1 1 0 0 1 0 1 0 0 1 1 0 1 1 0 0 0 0 1 0 0 1 0 0 0]"
11,0.886280880782343,"[1 1 1 1 1 1 0 0 1 1 1 0 1 1 0 1 1 0 0 1 1 0 0 0 1 1 0 0 1 0 1 0 1 1 0 1 1 1 0 0]"
11,0.8849129160894502,"[1 1 1 1 1 1 0 0 1 1 1 0 0 0 1 1 1 0 0 1 1 0 0 0 1 0 0 0 1 0 1 0 1 1 0 1 1 0 1 0]"
11,0.8857335201291439,"[1 1 1 1 1 1 0 0 1 1 1 0 1 0 0 1 1 0 0 1 1 0 0 0 1 1 0 0 1 0 1 0 1 1 0 1 1 1 0 0]"
11,0.885459820334524,"[1 1 1 1 1 1 0 0 1 1 1 0 0 1 1 1 1 0 0 1 1 0 0 0 1 0 0 0 1 0 1 0 1 1 0 1 1 0 1 0]"
11,0.8887434850562183,"[1 1 1 1 1 1 0 0 1 1 1 1 1 1 1 1 1 0 0 1 0 0 0 0 1 1 0 0 1 0 1 0 1 1 1 1 1 0 0 0]"
11,0.8860071624138226,"[1 1 1 1 1 1 0 0 1 1 1 0 1 0 1 1 1 0 0 1 1 0 0 0 1 1 0 0 1 0 1 0 1 1 0 1 1 1 0 0]"
11,0.8775743783176988,"[1 1 1 1 1 1 0 0 1 0 1 0 1 1 0 1 1 0 1 1 0 1 0 0 1 1 0 0 1 0 1 1 1 1 1 1 1 1 0 0]"
11,0.886280880782343,"[1 1 1 1 1 1 0 0 1 1 1 0 1 1 0 1 1 0 0 1 1 0 0 0 1 1 0 0 1 0 1 0 1 1 0 1 1 1 0 0]"
11,0.8865545373841957,"[1 1 1 1 1 1 0 0 1 1 1 0 1 1 1 1 1 0 0 1 1 0 0 0 1 0 0 0 1 0 0 0 1 1 0 1 1 1 1 0]"
11,0.886280880782343,"[1 1 1 1 1 1 0 0 1 1 1 0 1 1 0 1 1 0 0 1 1 0 0 0 1 1 0 0 1 0 1 0 1 1 0 1 1 1 0 0]"
11,0.9182729640440846,"[1 1 1 1 1 1 0 1 1 1 0 1 0 0 1 1 1 0 0 1 1 1 0 0 1 0 0 0 1 0 1 0 1 1 0 1 1 1 0 0]"
11,0.8865846345149413,"[1 1 1 1 1 1 0 0 1 1 1 0 1 1 1 1 1 1 0 1 0 0 0 0 1 1 0 0 1 1 1 0 1 1 0 1 1 1 1 0]"
11,0.8864176305721726,"[1 1 1 1 1 1 0 0 1 1 1 0 1 1 1 0 1 0 0 1 1 0 0 0 1 0 0 0 1 0 0 0 1 1 0 1 0 1 0 0]"
11,0.886588913287624,"[1 1 1 1 1 1 0 0 1 1 1 0 1 1 1 1 1 1 0 1 1 0 0 0 1 1 0 0 1 1 1 0 1 1 0 1 1 1 1 0]"
11,0.8849129160894502,"[1 1 1 1 1 1 0 0 1 1 1 0 0 0 1 1 1 0 0 1 1 0 0 0 1 0 0 0 1 0 1 0 1 1 0 1 1 0 1 0]"
11,0.886280880782343,"[1 1 1 1 1 1 0 0 1 1 1 0 1 1 0 1 1 0 0 1 1 0 0 0 1 1 0 0 1 0 1 0 1 1 0 1 1 1 0 0]"
11,0.8887455250913611,"[1 1 1 1 1 1 0 0 1 1 1 1 1 1 1 1 1 0 0 1 0 1 0 0 1 0 0 1 1 0 0 1 0 1 0 0 1 0 0 0]"
11,0.884366449175243,"[1 1 1 1 1 1 0 0 1 1 0 1 1 1 1 1 1 0 0 1 1 0 0 0 1 1 0 0 1 0 1 0 1 1 0 0 1 1 0 0]"
11,0.881088835926679,"[1 1 1 1 1 1 0 0 1 1 0 0 0 1 1 1 1 0 0 1 0 0 0 0 1 0 0 0 1 0 1 0 1 1 0 0 1 1 0 0]"
11,0.9109508816695617,"[1 1 1 1 1 1 0 1 1 0 0 1 1 1 1 1 1 0 0 1 1 1 0 0 1 0 0 0 1 0 1 0 1 1 0 0 1 1 0 0]"
11,0.8887456570021754,"[1 1 1 1 1 1 0 0 1 1 1 1 1 1 1 1 1 0 0 1 0 1 0 0 1 1 0 1 1 0 0 0 0 1 0 0 1 0 0 0]"
11,0.884366449175243,"[1 1 1 1 1 1 0 0 1 1 0 1 1 1 1 1 1 0 0 1 1 0 0 0 1 1 0 0 1 0 1 0 1 1 0 0 1 1 0 0]"
11,0.8860071623811974,"[1 1 1 1 1 1 0 0 1 1 1 0 1 0 1 1 1 0 0 1 1 0 0 0 1 1 0 0 1 0 1 0 1 1 0 1 1 0 0 0]"
11,0.8849129161220392,"[1 1 1 1 1 1 0 0 1 1 1 0 0 0 1 1 1 0 0 1 1 0 0 0 1 0 0 0 1 0 1 0 1 1 0 1 1 1 1 0]"
12,0.9233731161160313,"[1 1 1 1 1 1 0 1 1 1 1 1 0 1 1 1 1 0 0 1 1 1 0 0 1 0 0 1 1 0 1 0 1 1 0 1 1 1 0 0]"
12,0.8838178829070507,"[1 1 1 1 1 1 0 0 1 1 0 1 1 0 1 1 1 0 0 1 0 1 0 0 1 0 0 0 1 0 0 1 0 1 0 0 1 0 0 0]"
12,0.8860071624138226,"[1 1 1 1 1 1 0 0 1 1 1 0 1 0 1 1 1 0 0 1 1 0 0 0 1 1 0 0 1 0 1 0 1 1 0 1 1 1 0 0]"
12,0.886588913287624,"[1 1 1 1 1 1 0 0 1 1 1 0 1 1 1 1 1 1 0 1 1 0 0 0 1 1 0 0 1 1 1 0 1 1 0 1 1 1 1 0]"
12,0.884366449175243,"[1 1 1 1 1 1 0 0 1 1 0 1 1 1 1 1 1 0 0 1 1 0 0 0 1 1 0 0 1 0 1 0 1 1 0 0 1 1 0 0]"
12,0.9092686507325941,"[1 1 1 1 1 1 0 1 1 0 0 1 0 0 1 1 1 0 0 1 1 1 0 0 1 0 0 0 1 0 1 0 1 1 0 0 1 0 0 0]"
12,0.8849129161220392,"[1 1 1 1 1 1 0 0 1 1 1 0 0 0 1 1 1 0 0 1 1 0 0 0 1 0 0 0 1 0 1 0 1 1 0 1 1 1 1 0]"
12,0.8887455250913611,"[1 1 1 1 1 1 0 0 1 1 1 1 1 1 1 1 1 0 0 1 0 1 0 0 1 0 0 1 1 0 0 1 0 1 0 0 1 0 0 0]"
12,0.9109508816695617,"[1 1 1 1 1 1 0 1 1 0 0 1 1 1 1 1 1 0 0 1 1 1 0 0 1 0 0 0 1 0 1 0 1 1 0 0 1 1 0 0]"
12,0.885459820334524,"[1 1 1 1 1 1 0 0 1 1 1 0 0 1 1 1 1 0 0 1 1 0 0 0 1 0 0 0 1 0 1 0 1 1 0 1 1 0 1 0]"
12,0.8887456570021754,"[1 1 1 1 1 1 0 0 1 1 1 1 1 1 1 1 1 0 0 1 0 1 0 0 1 1 0 1 1 0 0 0 0 1 0 0 1 0 0 0]"
12,0.9092686507325941,"[1 1 1 1 1 1 0 1 1 0 0 1 0 0 1 1 1 0 0 1 1 1 0 0 1 0 0 0 1 0 1 0 1 1 0 0 1 0 0 0]"
12,0.8865846345149413,"[1 1 1 1 1 1 0 0 1 1 1 0 1 1 1 1 1 1 0 1 0 0 0 0 1 1 0 0 1 1 1 0 1 1 0 1 1 1 1 0]"
12,0.8887456570021754,"[1 1 1 1 1 1 0 0 1 1 1 1 1 1 1 1 1 0 0 1 0 1 0 0 1 1 0 1 1 0 0 0 0 1 0 0 1 0 0 0]"
12,0.9098244291074565,"[1 1 1 1 1 1 0 1 1 0 0 1 0 1 1 1 1 0 0 1 0 1 0 0 0 0 0 0 1 0 1 0 0 1 0 0 1 1 0 0]"
12,0.8881969296471169,"[1 1 1 1 1 1 0 0 1 1 1 1 1 0 1 1 1 0 0 1 0 1 0 0 1 1 0 1 1 0 0 1 1 1 0 0 1 0 1 0]"
12,0.9092642735753698,"[1 1 1 1 1 1 0 1 1 0 0 1 0 0 1 1 1 0 0 1 0 1 0 0 1 0 0 0 1 0 1 0 1 1 0 0 1 0 0 0]"
12,0.884366317849553,"[1 1 1 1 1 1 0 0 1 1 0 1 1 1 1 1 1 0 0 1 1 0 0 0 1 0 0 0 1 0 1 1 1 1 0 0 1 1 0 0]"
12,0.8865846345149413,"[1 1 1 1 1 1 0 0 1 1 1 0 1 1 1 1 1 1 0 1 0 0 0 0 1 1 0 0 1 1 1 0 1 1 0 1 1 1 1 0]"
12,0.8939780496657048,"[1 1 1 1 1 1 0 1 0 0 1 0 0 1 0 1 1 0 0 1 1 1 0 0 1 0 1 0 1 0 1 0 1 1 0 1 1 1 0 0]"
12,0.9182684099070443,"[1 1 1 1 1 1 0 1 1 1 0 1 0 0 1 1 1 0 0 1 0 1 0 0 0 1 0 0 1 0 1 0 1 1 0 1 1 1 1 0]"
12,0.877864840510094,"[1 1 1 1 1 1 0 0 1 0 1 0 1 1 1 1 1 1 0 1 1 0 0 0 1 1 0 0 1 1 1 0 1 1 0 0 1 1 1 0]"
12,0.8887455250913611,"[1 1 1 1 1 1 0 0 1 1 1 1 1 1 1 1 1 0 0 1 0 1 0 0 1 0 0 1 1 0 0 1 0 1 0 0 1 0 0 0]"
12,0.9309282283980971,"[1 1 1 1 1 1 1 0 0 0 1 0 1 1 0 0 1 0 0 1 1 1 0 0 1 1 1 1 1 0 0 0 1 1 0 1 1 1 0 0]"
12,0.8887456570021754,"[1 1 1 1 1 1 0 0 1 1 1 1 1 1 1 1 1 0 0 1 0 1 0 0 1 1 0 1 1 0 0 0 0 1 0 0 1 0 0 0]"
12,0.886588913157046,"[1 1 1 1 1 1 0 0 1 1 1 0 1 1 1 1 1 1 0 1 1 0 0 0 1 1 0 0 1 1 1 0 1 1 0 0 1 1 1 0]"
12,0.8939780496657048,"[1 1 1 1 1 1 0 1 0 0 1 0 0 1 0 1 1 0 0 1 1 1 0 0 1 0 1 0 1 0 1 0 1 1 0 1 1 1 0 0]"
12,0.8887456570021754,"[1 1 1 1 1 1 0 0 1 1 1 1 1 1 1 1 1 0 0 1 0 1 0 0 1 1 0 1 1 0 0 0 0 1 0 0 1 0 0 0]"
12,0.8802763572977369,"[1 1 1 1 1 1 0 0 1 1 0 0 0 0 0 1 1 0 0 1 1 0 0 0 0 1 0 0 1 0 1 0 1 1 0 0 1 1 1 0]"
12,0.888743484827207,"[1 1 1 1 1 1 0 0 1 1 1 1 1 1 1 1 1 0 0 1 0 0 0 0 1 1 0 0 1 0 1 0 1 1 0 1 1 1 0 0]"
12,0.886280880782343,"[1 1 1 1 1 1 0 0 1 1 1 0 1 1 0 1 1 0 0 1 1 0 0 0 1 1 0 0 1 0 1 0 1 1 0 1 1 1 0 0]"
12,0.886280880782343,"[1 1 1 1 1 1 0 0 1 1 1 0 1 1 0 1 1 0 0 1 1 0 0 0 1 1 0 0 1 0 1 0 1 1 0 1 1 1 0 0]"
12,0.8887434850562183,"[1 1 1 1 1 1 0 0 1 1 1 1 1 1 1 1 1 0 0 1 0 0 0 0 1 1 0 0 1 0 1 0 1 1 1 1 1 0 0 0]"
12,0.9092641368396045,"[1 1 1 1 1 1 0 1 1 0 0 1 0 0 1 1 1 0 0 1 0 1 0 0 0 1 0 0 1 0 1 0 1 1 0 0 1 1 1 0]"
12,0.886588913287624,"[1 1 1 1 1 1 0 0 1 1 1 0 1 1 1 1 1 1 0 1 1 0 0 0 1 1 0 0 1 1 1 0 1 1 0 1 1 1 1 0]"
12,0.8887434850562183,"[1 1 1 1 1 1 0 0 1 1 1 1 1 1 1 1 1 0 0 1 0 0 0 0 1 1 0 0 1 0 1 0 1 1 1 1 1 0 0 0]"
12,0.886588913157046,"[1 1 1 1 1 1 0 0 1 1 1 0 1 1 1 1 1 1 0 1 1 0 0 0 1 1 0 0 1 1 1 0 1 1 0 0 1 1 1 0]"
12,0.8864176305721726,"[1 1 1 1 1 1 0 0 1 1 1 0 1 1 1 0 1 0 0 1 1 0 0 0 1 0 0 0 1 0 0 0 1 1 0 1 0 1 0 0]"
12,0.8860071623811974,"[1 1 1 1 1 1 0 0 1 1 1 0 1 0 1 1 1 0 0 1 1 0 0 0 1 1 0 0 1 0 1 0 1 1 0 1 1 0 0 0]"
12,0.9109508816695617,"[1 1 1 1 1 1 0 1 1 0 0 1 1 1 1 1 1 0 0 1 1 1 0 0 1 0 0 0 1 0 1 0 1 1 0 0 1 1 0 0]"
12,0.8862766033476218,"[1 1 1 1 1 1 0 0 1 1 1 0 1 1 0 1 1 0 0 1 0 0 0 0 1 1 0 0 1 0 1 0 1 1 0 1 1 1 0 0]"
12,0.8832762924324529,"[1 1 1 1 1 1 0 0 1 1 0 1 0 1 1 1 1 0 0 1 1 1 0 0 1 1 0 0 1 0 1 0 1 1 0 1 1 1 0 0]"
12,0.8887778323002501,"[1 1 1 1 1 1 0 0 1 1 1 1 1 1 1 1 1 1 0 1 0 0 0 0 1 1 0 1 1 1 1 0 1 1 0 0 1 1 1 0]"
12,0.8865566775679015,"[1 1 1 1 1 1 0 0 1 1 1 0 1 1 1 1 1 0 0 1 1 1 0 0 1 0 0 0 1 0 0 1 0 1 0 0 1 0 0 0]"
12,0.9092641368396045,"[1 1 1 1 1 1 0 1 1 0 0 1 0 0 1 1 1 0 0 1 0 1 0 0 0 1 0 0 1 0 1 0 1 1 0 0 1 1 1 0]"
12,0.8887455250913611,"[1 1 1 1 1 1 0 0 1 1 1 1 1 1 1 1 1 0 0 1 0 1 0 0 1 0 0 1 1 0 0 1 0 1 0 0 1 0 0 0]"
12,0.8862958542998891,"[1 1 1 1 1 1 0 0 1 1 1 0 1 1 0 1 1 0 1 1 0 1 0 0 1 1 0 0 1 0 1 1 1 1 1 1 1 1 0 0]"
12,0.8887455250913611,"[1 1 1 1 1 1 0 0 1 1 1 1 1 1 1 1 1 0 0 1 0 1 0 0 1 0 0 1 1 0 0 1 0 1 0 0 1 0 0 0]"
12,0.8865545415462261,"[1 1 1 1 1 1 0 0 1 1 1 0 1 1 1 1 1 0 0 1 1 0 0 0 1 0 0 0 1 0 1 0 1 1 0 1 1 1 0 0]"
12,0.8860071582214797,"[1 1 1 1 1 1 0 0 1 1 1 0 1 0 1 1 1 0 0 1 1 0 0 0 1 1 0 0 1 0 0 0 1 1 0 1 1 0 1 0]"
13,0.8887456570021754,"[1 1 1 1 1 1 0 0 1 1 1 1 1 1 1 1 1 0 0 1 0 1 0 0 1 1 0 1 1 0 0 0 0 1 0 0 1 0 0 0]"
13,0.886588913157046,"[1 1 1 1 1 1 0 0 1 1 1 0 1 1 1 1 1 1 0 1 1 0 0 0 1 1 0 0 1 1 1 0 1 1 0 0 1 1 1 0]"
13,0.9092686507325941,"[1 1 1 1 1 1 0 1 1 0 0 1 0 0 1 1 1 0 0 1 1 1 0 0 1 0 0 0 1 0 1 0 1 1 0 0 1 0 0 0]"
13,0.9109508816695617,"[1 1 1 1 1 1 0 1 1 0 0 1 1 1 1 1 1 0 0 1 1 1 0 0 1 0 0 0 1 0 1 0 1 1 0 0 1 1 0 0]"
13,0.9092686507325941,"[1 1 1 1 1 1 0 1 1 0 0 1 0 0 1 1 1 0 0 1 1 1 0 0 1 0 0 0 1 0 1 0 1 1 0 0 1 0 0 0]"
13,0.9092686507325941,"[1 1 1 1 1 1 0 1 1 0 0 1 0 0 1 1 1 0 0 1 1 1 0 0 1 0 0 0 1 0 1 0 1 1 0 0 1 0 0 0]"
13,0.8887455250913611,"[1 1 1 1 1 1 0 0 1 1 1 1 1 1 1 1 1 0 0 1 0 1 0 0 1 0 0 1 1 0 0 1 0 1 0 0 1 0 0 0]"
13,0.8887456570021754,"[1 1 1 1 1 1 0 0 1 1 1 1 1 1 1 1 1 0 0 1 0 1 0 0 1 1 0 1 1 0 0 0 0 1 0 0 1 0 0 0]"
13,0.9309282283980971,"[1 1 1 1 1 1 1 0 0 0 1 0 1 1 0 0 1 0 0 1 1 1 0 0 1 1 1 1 1 0 0 0 1 1 0 1 1 1 0 0]"
13,0.9109508816695617,"[1 1 1 1 1 1 0 1 1 0 0 1 1 1 1 1 1 0 0 1 1 1 0 0 1 0 0 0 1 0 1 0 1 1 0 0 1 1 0 0]"
13,0.8865566775679015,"[1 1 1 1 1 1 0 0 1 1 1 0 1 1 1 1 1 0 0 1 1 1 0 0 1 0 0 0 1 0 0 1 0 1 0 0 1 0 0 0]"
13,0.9109508816695617,"[1 1 1 1 1 1 0 1 1 0 0 1 1 1 1 1 1 0 0 1 1 1 0 0 1 0 0 0 1 0 1 0 1 1 0 0 1 1 0 0]"
13,0.8849129161220392,"[1 1 1 1 1 1 0 0 1 1 1 0 0 0 1 1 1 0 0 1 1 0 0 0 1 0 0 0 1 0 1 0 1 1 0 1 1 1 1 0]"
13,0.8939780496657048,"[1 1 1 1 1 1 0 1 0 0 1 0 0 1 0 1 1 0 0 1 1 1 0 0 1 0 1 0 1 0 1 0 1 1 0 1 1 1 0 0]"
13,0.9589072773798869,"[1 1 1 1 1 1 1 0 1 1 1 0 1 1 0 1 1 0 0 1 0 1 0 0 1 1 0 0 1 0 1 0 1 1 0 1 1 1 0 0]"
13,0.8602337623532907,"[1 1 1 1 1 1 0 0 0 0 1 0 1 1 0 0 1 0 1 1 1 1 0 0 1 1 1 1 1 0 0 1 1 1 1 1 1 1 0 0]"
13,0.9109508816695617,"[1 1 1 1 1 1 0 1 1 0 0 1 1 1 1 1 1 0 0 1 1 1 0 0 1 0 0 0 1 0 1 0 1 1 0 0 1 1 0 0]"
13,0.886280880782343,"[1 1 1 1 1 1 0 0 1 1 1 0 1 1 0 1 1 0 0 1 1 0 0 0 1 1 0 0 1 0 1 0 1 1 0 1 1 1 0 0]"
13,0.8876484674543969,"[1 1 1 1 1 1 0 0 1 1 1 1 0 1 1 1 1 0 0 1 0 1 0 0 1 1 0 0 1 0 0 0 0 1 0 0 1 0 0 0]"
13,0.9103854792553353,"[1 1 1 1 1 1 0 1 1 0 0 1 1 0 1 1 1 0 0 1 0 1 0 0 1 0 0 1 1 0 1 0 1 1 0 0 1 0 0 0]"
13,0.862480800172889,"[1 1 1 1 1 1 0 0 0 0 1 1 1 1 0 1 1 0 0 1 0 1 0 0 1 1 0 1 1 0 0 0 0 1 0 0 1 0 0 0]"
13,0.9590589158458894,"[1 1 1 1 1 1 1 0 1 1 1 0 1 1 1 0 1 0 0 1 1 1 0 0 1 1 1 1 1 0 0 0 1 1 0 1 1 1 0 0]"
13,0.893978184380195,"[1 1 1 1 1 1 0 1 0 0 1 0 0 1 0 1 1 0 0 1 1 1 0 0 1 1 1 0 1 0 1 0 1 1 0 1 1 1 0 0]"
13,0.880276224442947,"[1 1 1 1 1 1 0 0 1 1 0 0 0 0 0 1 1 0 0 1 1 0 0 0 0 0 0 0 1 0 1 0 1 1 0 0 1 1 1 0]"
13,0.886584634482297,"[1 1 1 1 1 1 0 0 1 1 1 0 1 1 1 1 1 1 0 1 0 0 0 0 1 1 0 0 1 1 1 0 1 1 0 1 1 0 1 0]"
13,0.8860071582541049,"[1 1 1 1 1 1 0 0 1 1 1 0 1 0 1 1 1 0 0 1 1 0 0 0 1 1 0 0 1 0 0 0 1 1 0 1 1 1 1 0]"
13,0.8745769545150714,"[1 1 1 1 1 1 0 0 1 0 0 1 0 1 1 1 1 0 0 1 0 1 0 0 0 0 0 0 1 0 1 1 0 1 0 0 1 1 0 0]"
13,0.9245054830448699,"[1 1 1 1 1 1 0 1 1 1 1 1 1 1 1 1 1 0 0 1 0 1 0 0 1 0 0 1 1 0 0 0 0 1 0 0 1 0 0 0]"
13,0.9182685434134635,"[1 1 1 1 1 1 0 1 1 1 0 1 0 0 1 1 1 0 0 1 0 1 0 0 1 0 0 0 1 0 0 0 1 1 0 0 1 0 0 0]"
13,0.8800023504390039,"[1 1 1 1 1 1 0 0 1 0 1 1 1 1 1 1 1 0 0 1 0 1 0 0 1 0 0 1 1 0 1 1 0 1 0 0 1 0 0 0]"
13,0.8887455250913611,"[1 1 1 1 1 1 0 0 1 1 1 1 1 1 1 1 1 0 0 1 0 1 0 0 1 0 0 1 1 0 0 1 0 1 0 0 1 0 0 0]"
13,0.8887455250913611,"[1 1 1 1 1 1 0 0 1 1 1 1 1 1 1 1 1 0 0 1 0 1 0 0 1 0 0 1 1 0 0 1 0 1 0 0 1 0 0 0]"
13,0.8887434850562183,"[1 1 1 1 1 1 0 0 1 1 1 1 1 1 1 1 1 0 0 1 0 0 0 0 1 1 0 0 1 0 1 0 1 1 1 1 1 0 0 0]"
13,0.886280880782343,"[1 1 1 1 1 1 0 0 1 1 1 0 1 1 0 1 1 0 0 1 1 0 0 0 1 1 0 0 1 0 1 0 1 1 0 1 1 1 0 0]"
13,0.9092639946771739,"[1 1 1 1 1 1 0 1 1 0 0 1 0 0 1 1 1 0 0 1 0 1 0 0 0 0 0 0 1 0 0 0 0 1 0 0 1 0 1 0]"
13,0.8887456643632705,"[1 1 1 1 1 1 0 0 1 1 1 1 1 1 1 1 1 0 0 1 0 1 0 0 1 1 0 1 1 0 1 1 1 1 0 0 1 1 0 0]"
13,0.8887455250913611,"[1 1 1 1 1 1 0 0 1 1 1 1 1 1 1 1 1 0 0 1 0 1 0 0 1 0 0 1 1 0 0 1 0 1 0 0 1 0 0 0]"
13,0.8887778323002501,"[1 1 1 1 1 1 0 0 1 1 1 1 1 1 1 1 1 1 0 1 0 0 0 0 1 1 0 1 1 1 1 0 1 1 0 0 1 1 1 0]"
13,0.9092641368396045,"[1 1 1 1 1 1 0 1 1 0 0 1 0 0 1 1 1 0 0 1 0 1 0 0 0 1 0 0 1 0 1 0 1 1 0 0 1 1 1 0]"
13,0.8939780496657048,"[1 1 1 1 1 1 0 1 0 0 1 0 0 1 0 1 1 0 0 1 1 1 0 0 1 0 1 0 1 0 1 0 1 1 0 1 1 1 0 0]"
13,0.8887455250913611,"[1 1 1 1 1 1 0 0 1 1 1 1 1 1 1 1 1 0 0 1 0 1 0 0 1 0 0 1 1 0 0 1 0 1 0 0 1 0 0 0]"
13,0.9098244291074565,"[1 1 1 1 1 1 0 1 1 0 0 1 0 1 1 1 1 0 0 1 0 1 0 0 0 0 0 0 1 0 1 0 0 1 0 0 1 1 0 0]"
13,0.9092620850038692,"[1 1 1 1 1 1 0 1 1 0 0 1 0 0 1 1 1 0 0 1 0 0 0 0 1 0 0 0 1 0 1 0 1 1 0 0 1 0 0 0]"
13,0.8887456291281626,"[1 1 1 1 1 1 0 0 1 1 1 1 1 1 1 1 1 0 0 1 0 1 0 0 1 1 0 0 1 0 1 0 1 1 1 1 1 0 0 0]"
13,0.8871367496531333,"[1 1 1 1 1 1 0 0 1 1 1 1 0 0 1 1 1 1 0 1 1 0 0 0 1 1 0 0 1 1 1 0 1 1 0 1 1 1 1 0]"
13,0.917703300491938,"[1 1 1 1 1 1 0 1 1 1 0 0 1 1 1 1 1 0 0 1 0 1 0 0 0 1 0 0 1 0 1 0 1 1 0 0 1 1 1 0]"
13,0.9092644103946409,"[1 1 1 1 1 1 0 1 1 0 0 1 0 0 1 1 1 0 0 1 0 1 0 0 1 1 0 0 1 0 1 0 1 1 0 0 1 1 0 0]"
13,0.9109506076579255,"[1 1 1 1 1 1 0 1 1 0 0 1 1 1 1 1 1 0 0 1 1 1 0 0 0 0 0 0 1 0 1 0 1 1 0 0 1 1 1 0]"
13,0.9182684099070443,"[1 1 1 1 1 1 0 1 1 1 0 1 0 0 1 1 1 0 0 1 0 1 0 0 0 1 0 0 1 0 1 0 1 1 0 1 1 1 1 0]"
13,0.885459820334524,"[1 1 1 1 1 1 0 0 1 1 1 0 0 1 1 1 1 0 0 1 1 0 0 0 1 0 0 0 1 0 1 0 1 1 0 1 1 0 1 0]"
14,0.9309282283980971,"[1 1 1 1 1 1 1 0 0 0 1 0 1 1 0 0 1 0 0 1 1 1 0 0 1 1 1 1 1 0 0 0 1 1 0 1 1 1 0 0]"
14,0.9092644103946409,"[1 1 1 1 1 1 0 1 1 0 0 1 0 0 1 1 1 0 0 1 0 1 0 0 1 1 0 0 1 0 1 0 1 1 0 0 1 1 0 0]"
14,0.930355767125498,"[1 1 1 1 1 1 1 0 0 0 1 0 1 0 0 0 1 0 0 1 1 1 0 0 0 1 0 1 1 0 1 0 1 1 0 1 1 1 0 0]"
14,0.9188341732432684,"[1 1 1 1 1 1 0 1 1 1 0 1 0 1 1 1 1 0 0 1 0 1 0 0 1 1 1 0 1 0 0 0 1 1 0 1 1 1 1 0]"
14,0.8876484674543969,"[1 1 1 1 1 1 0 0 1 1 1 1 0 1 1 1 1 0 0 1 0 1 0 0 1 1 0 0 1 0 0 0 0 1 0 0 1 0 0 0]"
14,0.9092639946771739,"[1 1 1 1 1 1 0 1 1 0 0 1 0 0 1 1 1 0 0 1 0 1 0 0 0 0 0 0 1 0 0 0 0 1 0 0 1 0 1 0]"
14,0.893978184380195,"[1 1 1 1 1 1 0 1 0 0 1 0 0 1 0 1 1 0 0 1 1 1 0 0 1 1 1 0 1 0 1 0 1 1 0 1 1 1 0 0]"
14,0.893978184380195,"[1 1 1 1 1 1 0 1 0 0 1 0 0 1 0 1 1 0 0 1 1 1 0 0 1 1 1 0 1 0 1 0 1 1 0 1 1 1 0 0]"
14,0.9143193490684143,"[1 1 1 1 1 1 0 1 1 0 1 1 0 1 1 1 1 0 0 1 0 1 0 0 1 0 0 0 1 0 1 0 0 1 0 0 1 0 0 0]"
14,0.8843640759351231,"[1 1 1 1 1 1 0 0 1 1 0 1 1 1 1 1 1 0 0 1 0 1 0 0 0 1 0 1 1 0 0 0 0 1 0 0 1 1 0 0]"
14,0.9092642736087647,"[1 1 1 1 1 1 0 1 1 0 0 1 0 0 1 1 1 0 0 1 0 1 0 0 1 0 0 0 1 0 1 0 1 1 0 0 1 1 0 0]"
14,0.9182662018060573,"[1 1 1 1 1 1 0 1 1 1 0 1 0 0 1 1 1 0 0 1 0 0 0 0 0 1 0 0 1 0 1 0 1 1 0 1 1 0 1 0]"
14,0.9333632578484432,"[1 1 1 1 1 1 1 0 0 0 1 1 1 1 0 1 1 0 0 1 1 1 0 0 1 1 1 1 1 0 0 0 1 1 0 1 1 1 0 0]"
14,0.8864155259241192,"[1 1 1 1 1 1 0 0 1 1 1 0 1 1 1 0 1 0 0 1 0 1 0 0 1 0 0 1 1 0 0 1 0 1 0 0 1 0 0 0]"
14,0.917703300491938,"[1 1 1 1 1 1 0 1 1 1 0 0 1 1 1 1 1 0 0 1 0 1 0 0 0 1 0 0 1 0 1 0 1 1 0 0 1 1 1 0]"
14,0.9589072773798869,"[1 1 1 1 1 1 1 0 1 1 1 0 1 1 0 1 1 0 0 1 0 1 0 0 1 1 0 0 1 0 1 0 1 1 0 1 1 1 0 0]"
14,0.9109508819371676,"[1 1 1 1 1 1 0 1 1 0 0 1 1 1 1 1 1 0 0 1 1 1 0 0 1 0 0 0 1 0 1 0 1 1 1 0 1 1 0 0]"
14,0.8887456288664347,"[1 1 1 1 1 1 0 0 1 1 1 1 1 1 1 1 1 0 0 1 0 1 0 0 1 1 0 0 1 0 1 0 1 1 0 1 1 0 0 0]"
14,0.8887456643632705,"[1 1 1 1 1 1 0 0 1 1 1 1 1 1 1 1 1 0 0 1 0 1 0 0 1 1 0 1 1 0 1 1 1 1 0 0 1 1 0 0]"
14,0.8887434850562183,"[1 1 1 1 1 1 0 0 1 1 1 1 1 1 1 1 1 0 0 1 0 0 0 0 1 1 0 0 1 0 1 0 1 1 1 1 1 0 0 0]"
14,0.9103895532090747,"[1 1 1 1 1 1 0 1 1 0 0 1 1 0 1 1 1 0 0 1 1 1 0 0 0 0 0 0 1 0 1 0 1 1 0 0 1 1 1 0]"
14,0.8876848906643733,"[1 1 1 1 1 1 0 0 1 1 1 1 0 1 1 1 1 1 0 1 1 0 0 0 1 1 0 0 1 1 1 0 1 1 0 1 1 1 1 0]"
14,0.9092683718331899,"[1 1 1 1 1 1 0 1 1 0 0 1 0 0 1 1 1 0 0 1 1 1 0 0 0 0 0 0 1 0 0 0 0 1 0 0 1 0 1 0]"
14,0.9092642735753698,"[1 1 1 1 1 1 0 1 1 0 0 1 0 0 1 1 1 0 0 1 0 1 0 0 1 0 0 0 1 0 1 0 1 1 0 0 1 0 0 0]"
14,0.8961875305152089,"[1 1 1 1 1 1 0 1 0 0 1 1 0 1 0 1 1 0 0 1 1 1 0 0 0 1 1 0 1 0 1 0 1 1 0 1 1 1 0 0]"
14,0.9070257945082021,"[1 1 1 1 1 1 0 1 1 0 0 0 0 0 1 1 1 0 0 1 0 1 0 0 1 1 0 0 1 0 1 0 1 1 0 0 1 1 1 0]"
14,0.9109508816695617,"[1 1 1 1 1 1 0 1 1 0 0 1 1 1 1 1 1 0 0 1 1 1 0 0 1 0 0 0 1 0 1 0 1 1 0 0 1 1 0 0]"
14,0.9092686507325941,"[1 1 1 1 1 1 0 1 1 0 0 1 0 0 1 1 1 0 0 1 1 1 0 0 1 0 0 0 1 0 1 0 1 1 0 0 1 0 0 0]"
14,0.8862808766214688,"[1 1 1 1 1 1 0 0 1 1 1 0 1 1 0 1 1 0 0 1 1 0 0 0 1 1 0 0 1 0 0 0 1 1 0 1 1 1 1 0]"
14,0.89370232739778,"[1 1 1 1 1 1 0 1 0 0 1 0 0 0 1 1 1 0 0 1 1 1 0 0 1 1 1 0 1 0 1 0 1 1 0 1 1 1 0 0]"
14,0.9109508816695617,"[1 1 1 1 1 1 0 1 1 0 0 1 1 1 1 1 1 0 0 1 1 1 0 0 1 0 0 0 1 0 1 0 1 1 0 0 1 1 0 0]"
14,0.9182684099070443,"[1 1 1 1 1 1 0 1 1 1 0 1 0 0 1 1 1 0 0 1 0 1 0 0 0 1 0 0 1 0 1 0 1 1 0 1 1 1 1 0]"
14,0.9590589158458894,"[1 1 1 1 1 1 1 0 1 1 1 0 1 1 1 0 1 0 0 1 1 1 0 0 1 1 1 1 1 0 0 0 1 1 0 1 1 1 0 0]"
14,0.880276224442947,"[1 1 1 1 1 1 0 0 1 1 0 0 0 0 0 1 1 0 0 1 1 0 0 0 0 0 0 0 1 0 1 0 1 1 0 0 1 1 1 0]"
14,0.9137542303528828,"[1 1 1 1 1 1 0 1 1 0 1 1 0 0 1 1 1 0 0 1 0 0 0 0 1 0 0 0 1 0 1 0 1 1 0 0 1 0 0 0]"
14,0.8895735214037036,"[1 1 1 1 1 1 0 1 0 0 0 0 0 1 0 1 1 0 0 1 1 1 0 0 1 0 1 0 1 0 1 0 1 1 0 1 1 1 0 0]"
14,0.9070256580087939,"[1 1 1 1 1 1 0 1 1 0 0 0 0 0 1 1 1 0 0 1 0 1 0 0 1 0 0 0 1 0 1 0 1 1 0 0 1 1 0 0]"
14,0.8961878005434419,"[1 1 1 1 1 1 0 1 0 0 1 1 0 1 0 1 1 0 0 1 1 1 0 0 1 1 1 0 1 0 1 0 1 1 0 1 1 1 0 0]"
14,0.8800020464437365,"[1 1 1 1 1 1 0 0 1 0 1 1 1 1 1 1 1 0 0 1 0 1 0 0 0 0 0 0 1 0 0 0 1 1 0 0 1 1 0 0]"
14,0.9199703506508063,"[1 1 1 1 1 1 0 1 1 1 0 1 1 1 1 1 1 0 0 1 1 1 0 0 1 1 0 1 1 0 1 0 0 1 0 0 1 0 1 0]"
14,0.9182685434134635,"[1 1 1 1 1 1 0 1 1 1 0 1 0 0 1 1 1 0 0 1 0 1 0 0 1 0 0 0 1 0 0 0 1 1 0 0 1 0 0 0]"
14,0.9109508816695617,"[1 1 1 1 1 1 0 1 1 0 0 1 1 1 1 1 1 0 0 1 1 1 0 0 1 0 0 0 1 0 1 0 1 1 0 0 1 1 0 0]"
14,0.892875114991966,"[1 1 1 1 1 1 0 1 0 0 0 1 1 1 0 1 1 0 0 1 1 1 0 0 1 0 1 1 1 0 1 0 1 1 0 0 1 1 0 0]"
14,0.9496951613508703,"[1 1 1 1 1 1 1 0 1 0 1 0 1 1 1 0 1 0 0 1 1 1 0 0 1 1 0 0 1 0 0 0 1 1 0 1 1 1 0 0]"
14,0.9109508838104086,"[1 1 1 1 1 1 0 1 1 0 0 1 1 1 1 1 1 0 0 1 1 1 0 0 1 0 0 0 1 0 1 1 1 1 0 0 1 1 0 0]"
14,0.8887455229975387,"[1 1 1 1 1 1 0 0 1 1 1 1 1 1 1 1 1 0 0 1 0 1 0 0 1 0 0 1 1 0 0 0 0 1 0 0 1 0 0 0]"
14,0.886280880782343,"[1 1 1 1 1 1 0 0 1 1 1 0 1 1 0 1 1 0 0 1 1 0 0 0 1 1 0 0 1 0 1 0 1 1 0 1 1 1 0 0]"
14,0.9245054830448699,"[1 1 1 1 1 1 0 1 1 1 1 1 1 1 1 1 1 0 0 1 0 1 0 0 1 0 0 1 1 0 0 0 0 1 0 0 1 0 0 0]"
14,0.8751225985877854,"[1 1 1 1 1 1 0 0 1 0 0 1 1 0 1 1 1 0 0 1 1 1 0 0 1 0 0 0 1 0 1 0 1 1 0 0 1 0 0 0]"
14,0.9233688110047693,"[1 1 1 1 1 1 0 1 1 1 1 1 0 1 1 1 1 0 0 1 0 1 0 0 1 1 0 1 1 0 0 0 0 1 0 0 1 0 0 0]"
15,0.8887456570185334,"[1 1 1 1 1 1 0 0 1 1 1 1 1 1 1 1 1 0 0 1 0 1 0 0 1 1 0 1 1 0 0 0 0 1 0 0 1 0 1 0]"
15,0.9188340351455448,"[1 1 1 1 1 1 0 1 1 1 0 1 0 1 1 1 1 0 0 1 0 1 0 0 1 0 1 0 1 0 0 0 1 1 0 1 1 1 0 0]"
15,0.8862830153294705,"[1 1 1 1 1 1 0 0 1 1 1 0 1 1 0 1 1 0 0 1 1 1 0 0 1 1 0 0 1 0 0 0 1 1 0 1 1 1 0 0]"
15,0.918831968266639,"[1 1 1 1 1 1 0 1 1 1 0 1 0 1 1 1 1 0 0 1 0 0 0 0 1 1 1 0 1 0 1 0 1 1 0 1 1 1 1 0]"
15,0.9496951613508703,"[1 1 1 1 1 1 1 0 1 0 1 0 1 1 1 0 1 0 0 1 1 1 0 0 1 1 0 0 1 0 0 0 1 1 0 1 1 1 0 0]"
15,0.9245054830448699,"[1 1 1 1 1 1 0 1 1 1 1 1 1 1 1 1 1 0 0 1 0 1 0 0 1 0 0 1 1 0 0 0 0 1 0 0 1 0 0 0]"
15,0.9188340394774273,"[1 1 1 1 1 1 0 1 1 1 0 1 0 1 1 1 1 0 0 1 0 1 0 0 1 0 1 0 1 0 1 0 1 1 0 1 1 1 1 0]"
15,0.9092644061200821,"[1 1 1 1 1 1 0 1 1 0 0 1 0 0 1 1 1 0 0 1 0 1 0 0 1 1 0 0 1 0 0 0 1 1 0 0 1 1 0 0]"
15,0.919965788904408,"[1 1 1 1 1 1 0 1 1 1 0 1 1 1 1 1 1 0 0 1 0 1 0 0 1 0 0 1 1 0 1 0 0 1 0 0 1 0 0 0]"
15,0.9222329477719776,"[1 1 1 1 1 1 0 1 1 1 1 0 1 1 1 1 1 0 0 1 0 1 0 0 0 1 0 0 1 0 0 0 1 1 0 0 1 1 1 0]"
15,0.909263994710569,"[1 1 1 1 1 1 0 1 1 0 0 1 0 0 1 1 1 0 0 1 0 1 0 0 0 0 0 0 1 0 0 0 0 1 0 0 1 1 1 0]"
15,0.9092686507325941,"[1 1 1 1 1 1 0 1 1 0 0 1 0 0 1 1 1 0 0 1 1 1 0 0 1 0 0 0 1 0 1 0 1 1 0 0 1 0 0 0]"
15,0.9115080319431825,"[1 1 1 1 1 1 0 1 1 0 1 0 0 0 1 1 1 0 0 1 0 1 0 0 1 1 0 1 1 0 1 0 1 1 0 0 1 1 1 0]"
15,0.918834102938664,"[1 1 1 1 1 1 0 1 1 1 0 1 0 1 1 1 1 0 0 1 0 1 0 0 1 1 0 0 1 0 0 0 0 1 0 0 1 0 0 0]"
15,0.9707317096607639,"[1 1 1 1 1 1 1 1 0 0 1 1 1 1 0 1 1 0 0 1 1 1 0 0 1 1 1 1 1 0 0 0 1 1 1 0 1 1 0 0]"
15,0.8756640544831162,"[1 1 1 1 1 1 0 0 1 0 0 1 1 1 1 1 1 0 0 1 1 1 0 0 1 0 0 0 1 0 1 0 1 1 0 1 1 1 0 0]"
15,0.9050754636283379,"[1 1 1 1 1 1 0 1 0 1 1 1 0 1 0 1 1 0 0 1 1 1 0 0 1 1 0 1 1 0 0 0 0 1 0 0 1 0 0 0]"
15,0.9120697411094375,"[1 1 1 1 1 1 0 1 1 0 1 0 0 1 1 1 1 0 0 1 0 1 0 0 1 1 1 0 1 0 1 0 1 1 0 1 1 1 0 0]"
15,0.9245054830448699,"[1 1 1 1 1 1 0 1 1 1 1 1 1 1 1 1 1 0 0 1 0 1 0 0 1 0 0 1 1 0 0 0 0 1 0 0 1 0 0 0]"
15,0.9309282283980971,"[1 1 1 1 1 1 1 0 0 0 1 0 1 1 0 0 1 0 0 1 1 1 0 0 1 1 1 1 1 0 0 0 1 1 0 1 1 1 0 0]"
15,0.9092686507325941,"[1 1 1 1 1 1 0 1 1 0 0 1 0 0 1 1 1 0 0 1 1 1 0 0 1 0 0 0 1 0 1 0 1 1 0 0 1 0 0 0]"
15,0.9137542303528828,"[1 1 1 1 1 1 0 1 1 0 1 1 0 0 1 1 1 0 0 1 0 0 0 0 1 0 0 0 1 0 1 0 1 1 0 0 1 0 0 0]"
15,0.8784099447004182,"[1 1 1 1 1 1 0 0 1 0 1 1 0 0 1 1 1 1 0 1 1 1 0 0 1 1 0 0 1 1 1 0 1 1 0 1 1 1 0 0]"
15,0.9165719541954798,"[1 1 1 1 1 1 0 1 1 1 0 0 0 1 1 1 1 0 0 1 0 0 0 0 1 0 0 0 1 0 1 0 1 1 0 0 1 1 1 0]"
15,0.9326461328215266,"[1 1 1 1 1 1 1 0 0 0 1 1 1 0 0 0 1 0 0 1 1 1 0 0 0 1 0 1 1 0 1 0 1 1 0 1 1 0 0 0]"
15,0.9070256580087939,"[1 1 1 1 1 1 0 1 1 0 0 0 0 0 1 1 1 0 0 1 0 1 0 0 1 0 0 0 1 0 1 0 1 1 0 0 1 1 0 0]"
15,0.9233688110047693,"[1 1 1 1 1 1 0 1 1 1 1 1 0 1 1 1 1 0 0 1 0 1 0 0 1 1 0 1 1 0 0 0 0 1 0 0 1 0 0 0]"
15,0.89370232739778,"[1 1 1 1 1 1 0 1 0 0 1 0 0 0 1 1 1 0 0 1 1 1 0 0 1 1 1 0 1 0 1 0 1 1 0 1 1 1 0 0]"
15,0.903124568176512,"[1 1 1 1 1 1 0 1 0 1 1 0 0 1 1 1 1 0 0 1 1 1 0 0 1 1 1 0 1 0 1 0 1 1 0 1 1 1 0 0]"
15,0.9084240740490138,"[1 1 1 1 1 1 0 1 1 0 0 0 1 1 0 1 1 0 0 1 0 1 0 0 0 1 0 0 1 0 1 0 1 1 0 0 1 1 1 0]"
15,0.9194042989488986,"[1 1 1 1 1 1 0 1 1 1 0 1 1 0 1 1 1 0 0 1 1 1 0 0 1 1 0 1 1 0 1 0 0 1 0 1 1 1 1 0]"
15,0.930927883304881,"[1 1 1 1 1 1 1 0 0 0 1 0 1 1 0 0 1 0 0 1 1 1 0 0 0 1 0 1 1 0 1 0 1 1 0 0 1 0 0 0]"
15,0.9143193523239317,"[1 1 1 1 1 1 0 1 1 0 1 1 0 1 1 1 1 0 0 1 0 1 0 0 1 0 0 0 1 0 1 1 1 1 0 0 1 1 0 0]"
15,0.8838180527343664,"[1 1 1 1 1 1 0 0 1 1 0 1 1 0 1 1 1 0 0 1 0 1 0 0 1 1 0 1 1 0 1 0 1 1 0 0 1 1 0 0]"
15,0.8914981943886907,"[1 1 1 1 1 1 0 1 0 0 0 1 0 0 1 1 1 0 0 1 1 1 0 0 1 1 0 1 1 0 1 0 1 1 0 1 1 1 0 0]"
15,0.9493993981260036,"[1 1 1 1 1 1 1 0 1 0 1 0 1 1 0 0 1 0 0 1 0 1 0 0 1 1 1 0 1 0 0 0 1 1 0 0 1 1 0 0]"
15,0.9092683718331899,"[1 1 1 1 1 1 0 1 1 0 0 1 0 0 1 1 1 0 0 1 1 1 0 0 0 0 0 0 1 0 0 0 0 1 0 0 1 0 1 0]"
15,0.8800020464437365,"[1 1 1 1 1 1 0 0 1 0 1 1 1 1 1 1 1 0 0 1 0 1 0 0 0 0 0 0 1 0 0 0 1 1 0 0 1 1 0 0]"
15,0.9199656864945429,"[1 1 1 1 1 1 0 1 1 1 0 1 1 1 1 1 1 0 0 1 0 1 0 0 0 1 1 0 1 0 1 0 1 1 0 1 1 1 1 0]"
15,0.9165742920655461,"[1 1 1 1 1 1 0 1 1 1 0 0 0 1 1 1 1 0 0 1 0 1 0 0 1 1 0 0 1 0 0 0 1 1 0 0 1 1 1 0]"
15,0.9245056219264663,"[1 1 1 1 1 1 0 1 1 1 1 1 1 1 1 1 1 0 0 1 0 1 0 0 1 1 0 1 1 0 0 0 0 1 0 0 1 1 0 0]"
15,0.9092642735753698,"[1 1 1 1 1 1 0 1 1 0 0 1 0 0 1 1 1 0 0 1 0 1 0 0 1 0 0 0 1 0 1 0 1 1 0 0 1 0 0 0]"
15,0.9092644103946409,"[1 1 1 1 1 1 0 1 1 0 0 1 0 0 1 1 1 0 0 1 0 1 0 0 1 1 0 0 1 0 1 0 1 1 0 0 1 1 0 0]"
15,0.9092642735753698,"[1 1 1 1 1 1 0 1 1 0 0 1 0 0 1 1 1 0 0 1 0 1 0 0 1 0 0 0 1 0 1 0 1 1 0 0 1 0 0 0]"
15,0.893978184380195,"[1 1 1 1 1 1 0 1 0 0 1 0 0 1 0 1 1 0 0 1 1 1 0 0 1 1 1 0 1 0 1 0 1 1 0 1 1 1 0 0]"
15,0.9109508816695617,"[1 1 1 1 1 1 0 1 1 0 0 1 1 1 1 1 1 0 0 1 1 1 0 0 1 0 0 0 1 0 1 0 1 1 0 0 1 1 0 0]"
15,0.9333632578484432,"[1 1 1 1 1 1 1 0 0 0 1 1 1 1 0 1 1 0 0 1 1 1 0 0 1 1 1 1 1 0 0 0 1 1 0 1 1 1 0 0]"
15,0.9143193490684143,"[1 1 1 1 1 1 0 1 1 0 1 1 0 1 1 1 1 0 0 1 0 1 0 0 1 0 0 0 1 0 1 0 0 1 0 0 1 0 0 0]"
15,0.8887456643632705,"[1 1 1 1 1 1 0 0 1 1 1 1 1 1 1 1 1 0 0 1 0 1 0 0 1 1 0 1 1 0 1 1 1 1 0 0 1 1 0 0]"
15,0.9199703506508063,"[1 1 1 1 1 1 0 1 1 1 0 1 1 1 1 1 1 0 0 1 1 1 0 0 1 1 0 1 1 0 1 0 0 1 0 0 1 0 1 0]"
16,0.9511525409274462,"[1 1 1 1 1 1 1 0 1 0 1 1 1 0 0 0 1 0 0 1 1 1 0 0 0 1 0 1 1 0 1 0 1 1 0 1 1 0 0 0]"
16,0.8936979839561575,"[1 1 1 1 1 1 0 1 0 0 1 0 0 0 1 1 1 0 0 1 0 1 0 0 1 1 0 1 1 0 1 0 1 1 0 0 1 1 1 0]"
16,0.9493993981260036,"[1 1 1 1 1 1 1 0 1 0 1 0 1 1 0 0 1 0 0 1 0 1 0 0 1 1 1 0 1 0 0 0 1 1 0 0 1 1 0 0]"
16,0.9309282283980971,"[1 1 1 1 1 1 1 0 0 0 1 0 1 1 0 0 1 0 0 1 1 1 0 0 1 1 1 1 1 0 0 0 1 1 0 1 1 1 0 0]"
16,0.9182685477597927,"[1 1 1 1 1 1 0 1 1 1 0 1 0 0 1 1 1 0 0 1 0 1 0 0 1 0 0 0 1 0 1 0 1 1 0 0 1 1 0 0]"
16,0.9098249050662016,"[1 1 1 1 1 1 0 1 1 0 0 1 0 1 1 1 1 0 0 1 0 1 0 0 1 1 1 0 1 0 0 0 1 1 0 1 1 1 1 0]"
16,0.9326461328556934,"[1 1 1 1 1 1 1 0 0 0 1 1 1 0 0 0 1 0 0 1 1 1 0 0 0 1 0 1 1 0 1 0 1 1 0 1 1 1 0 0]"
16,0.9309282283639868,"[1 1 1 1 1 1 1 0 0 0 1 0 1 1 0 0 1 0 0 1 1 1 0 0 1 1 1 1 1 0 0 0 1 1 0 1 1 0 0 0]"
16,0.9245054830448699,"[1 1 1 1 1 1 0 1 1 1 1 1 1 1 1 1 1 0 0 1 0 1 0 0 1 0 0 1 1 0 0 0 0 1 0 0 1 0 0 0]"
16,0.930927883304881,"[1 1 1 1 1 1 1 0 0 0 1 0 1 1 0 0 1 0 0 1 1 1 0 0 0 1 0 1 1 0 1 0 1 1 0 0 1 0 0 0]"
16,0.9245054830448699,"[1 1 1 1 1 1 0 1 1 1 1 1 1 1 1 1 1 0 0 1 0 1 0 0 1 0 0 1 1 0 0 0 0 1 0 0 1 0 0 0]"
16,0.9245054830448699,"[1 1 1 1 1 1 0 1 1 1 1 1 1 1 1 1 1 0 0 1 0 1 0 0 1 0 0 1 1 0 0 0 0 1 0 0 1 0 0 0]"
16,0.9233688121221774,"[1 1 1 1 1 1 0 1 1 1 1 1 0 1 1 1 1 0 0 1 0 1 0 0 1 1 0 1 1 0 0 0 1 1 0 0 1 1 0 0]"
16,0.9707317084919015,"[1 1 1 1 1 1 1 1 0 0 1 1 1 1 0 1 1 0 0 1 1 1 0 0 1 1 1 1 1 0 0 0 0 1 1 0 1 0 0 0]"
16,0.9485305094937326,"[1 1 1 1 1 1 1 0 1 0 1 0 0 1 1 0 1 0 0 1 1 1 0 0 1 1 0 0 1 0 0 0 1 1 0 0 1 1 0 0]"
16,0.9081443451352705,"[1 1 1 1 1 1 0 1 1 0 0 0 1 0 1 1 1 0 0 1 0 1 0 0 1 0 0 0 1 0 1 0 1 1 0 1 1 1 0 0]"
16,0.9188319682497835,"[1 1 1 1 1 1 0 1 1 1 0 1 0 1 1 1 1 0 0 1 0 0 0 0 1 1 1 0 1 0 1 0 1 1 0 1 1 1 0 0]"
16,0.9199657889212823,"[1 1 1 1 1 1 0 1 1 1 0 1 1 1 1 1 1 0 0 1 0 1 0 0 1 0 0 1 1 0 1 0 0 1 0 0 1 0 1 0]"
16,0.9143194877803139,"[1 1 1 1 1 1 0 1 1 0 1 1 0 1 1 1 1 0 0 1 0 1 0 0 1 1 0 0 1 0 1 0 1 1 0 1 1 1 0 0]"
16,0.912069602704755,"[1 1 1 1 1 1 0 1 1 0 1 0 0 1 1 1 1 0 0 1 0 1 0 0 1 0 1 0 1 0 1 0 0 1 0 0 1 0 0 0]"
16,0.919965788904408,"[1 1 1 1 1 1 0 1 1 1 0 1 1 1 1 1 1 0 0 1 0 1 0 0 1 0 0 1 1 0 1 0 0 1 0 0 1 0 0 0]"
16,0.9233688110047693,"[1 1 1 1 1 1 0 1 1 1 1 1 0 1 1 1 1 0 0 1 0 1 0 0 1 1 0 1 1 0 0 0 0 1 0 0 1 0 0 0]"
16,0.9199659273239539,"[1 1 1 1 1 1 0 1 1 1 0 1 1 1 1 1 1 0 0 1 0 1 0 0 1 1 0 1 1 0 1 0 0 1 0 1 1 1 1 0]"
16,0.9194040582518128,"[1 1 1 1 1 1 0 1 1 1 0 1 1 0 1 1 1 0 0 1 1 1 0 0 0 1 1 0 1 0 1 0 1 1 0 1 1 1 1 0]"
16,0.8887456570185334,"[1 1 1 1 1 1 0 0 1 1 1 1 1 1 1 1 1 0 0 1 0 1 0 0 1 1 0 1 1 0 0 0 0 1 0 0 1 0 1 0]"
16,0.9109508816695617,"[1 1 1 1 1 1 0 1 1 0 0 1 1 1 1 1 1 0 0 1 1 1 0 0 1 0 0 0 1 0 1 0 1 1 0 0 1 1 0 0]"
16,0.9194042989488986,"[1 1 1 1 1 1 0 1 1 1 0 1 1 0 1 1 1 0 0 1 1 1 0 0 1 1 0 1 1 0 1 0 0 1 0 1 1 1 1 0]"
16,0.9143193523239317,"[1 1 1 1 1 1 0 1 1 0 1 1 0 1 1 1 1 0 0 1 0 1 0 0 1 0 0 0 1 0 1 1 1 1 0 0 1 1 0 0]"
16,0.9245056219264663,"[1 1 1 1 1 1 0 1 1 1 1 1 1 1 1 1 1 0 0 1 0 1 0 0 1 1 0 1 1 0 0 0 0 1 0 0 1 1 0 0]"
16,0.9199656864945429,"[1 1 1 1 1 1 0 1 1 1 0 1 1 1 1 1 1 0 0 1 0 1 0 0 0 1 1 0 1 0 1 0 1 1 0 1 1 1 1 0]"
16,0.9707316369964853,"[1 1 1 1 1 1 1 1 0 0 1 1 1 1 0 1 1 0 0 1 1 1 0 0 1 1 0 1 1 0 0 0 1 1 0 1 1 1 1 0]"
16,0.8762018094576627,"[1 1 1 1 1 1 0 0 1 0 1 0 0 0 1 1 1 0 0 1 0 1 0 0 1 1 1 1 1 0 1 0 1 1 0 0 1 1 0 0]"
16,0.9199703506508063,"[1 1 1 1 1 1 0 1 1 1 0 1 1 1 1 1 1 0 0 1 1 1 0 0 1 1 0 1 1 0 1 0 0 1 0 0 1 0 1 0]"
16,0.9188340394774273,"[1 1 1 1 1 1 0 1 1 1 0 1 0 1 1 1 1 0 0 1 0 1 0 0 1 0 1 0 1 0 1 0 1 1 0 1 1 1 1 0]"
16,0.9165719541954798,"[1 1 1 1 1 1 0 1 1 1 0 0 0 1 1 1 1 0 0 1 0 0 0 0 1 0 0 0 1 0 1 0 1 1 0 0 1 1 1 0]"
16,0.919965788904408,"[1 1 1 1 1 1 0 1 1 1 0 1 1 1 1 1 1 0 0 1 0 1 0 0 1 0 0 1 1 0 1 0 0 1 0 0 1 0 0 0]"
16,0.9511525409274462,"[1 1 1 1 1 1 1 0 1 0 1 1 1 0 0 0 1 0 0 1 1 1 0 0 0 1 0 1 1 0 1 0 1 1 0 1 1 0 0 0]"
16,0.931214300574838,"[1 1 1 1 1 1 1 0 0 0 1 0 1 1 1 0 1 0 0 1 1 1 0 0 1 1 0 0 1 0 0 0 1 1 0 1 1 1 0 0]"
16,0.9188339691896876,"[1 1 1 1 1 1 0 1 1 1 0 1 0 1 1 1 1 0 0 1 0 1 0 0 1 0 0 0 1 0 1 0 0 1 0 0 1 0 1 0]"
16,0.9103852000643584,"[1 1 1 1 1 1 0 1 1 0 0 1 1 0 1 1 1 0 0 1 0 1 0 0 0 0 0 1 1 0 0 0 0 1 0 0 1 1 0 0]"
16,0.9802816572601885,"[1 1 1 1 1 1 1 1 0 1 1 1 1 1 0 1 1 0 0 1 1 1 0 0 1 1 0 1 1 0 0 0 1 1 1 0 1 1 0 0]"
16,0.9154463650441778,"[1 1 1 1 1 1 0 1 1 0 1 1 1 1 1 1 1 0 0 1 0 1 0 0 1 1 1 1 1 0 0 0 0 1 0 0 1 1 0 0]"
16,0.9518778670248759,"[1 1 1 1 1 1 1 0 1 0 1 1 1 1 0 1 1 0 0 1 0 1 0 0 1 1 1 0 1 0 1 0 1 1 0 0 1 1 0 0]"
16,0.906886041574008,"[1 1 1 1 1 1 0 1 1 0 0 0 0 0 1 0 1 0 0 1 0 1 0 0 1 1 0 0 1 0 0 0 1 1 0 0 1 1 0 0]"
16,0.9233688110047693,"[1 1 1 1 1 1 0 1 1 1 1 1 0 1 1 1 1 0 0 1 0 1 0 0 1 1 0 1 1 0 0 0 0 1 0 0 1 0 0 0]"
16,0.9137542303528828,"[1 1 1 1 1 1 0 1 1 0 1 1 0 0 1 1 1 0 0 1 0 0 0 0 1 0 0 0 1 0 1 0 1 1 0 0 1 0 0 0]"
16,0.9120697411094375,"[1 1 1 1 1 1 0 1 1 0 1 0 0 1 1 1 1 0 0 1 0 1 0 0 1 1 1 0 1 0 1 0 1 1 0 1 1 1 0 0]"
16,0.9245056219264663,"[1 1 1 1 1 1 0 1 1 1 1 1 1 1 1 1 1 0 0 1 0 1 0 0 1 1 0 1 1 0 0 0 0 1 0 0 1 1 0 0]"
16,0.9162965751059964,"[1 1 1 1 1 1 0 1 1 1 0 0 0 1 0 1 1 0 0 1 1 1 0 0 1 1 0 0 1 0 0 0 1 1 0 0 1 0 0 0]"
16,0.9329283055546402,"[1 1 1 1 1 1 1 0 0 0 1 1 1 0 1 0 1 0 0 1 0 1 0 0 0 1 0 1 1 0 1 0 1 1 0 1 1 1 1 0]"
17,0.930927883304881,"[1 1 1 1 1 1 1 0 0 0 1 0 1 1 0 0 1 0 0 1 1 1 0 0 0 1 0 1 1 0 1 0 1 1 0 0 1 0 0 0]"
17,0.9309282283980971,"[1 1 1 1 1 1 1 0 0 0 1 0 1 1 0 0 1 0 0 1 1 1 0 0 1 1 1 1 1 0 0 0 1 1 0 1 1 1 0 0]"
17,0.9482393033014981,"[1 1 1 1 1 1 1 0 1 0 1 0 0 1 0 0 1 0 0 1 1 1 0 0 0 1 0 1 1 0 1 0 1 1 0 0 1 0 0 0]"
17,0.906466944882145,"[1 1 1 1 1 1 0 1 0 1 1 1 1 1 1 1 1 0 0 1 0 1 0 0 1 1 0 1 1 0 0 0 0 1 0 0 1 0 0 0]"
17,0.9245056264179999,"[1 1 1 1 1 1 0 1 1 1 1 1 1 1 1 1 1 0 0 1 0 1 0 0 1 1 0 1 1 0 1 0 0 1 0 1 1 1 1 0]"
17,0.9659880987189035,"[1 1 1 1 1 1 1 1 0 0 0 1 1 1 0 1 1 0 0 1 1 1 0 0 1 1 0 1 1 0 0 0 1 1 0 1 1 1 1 0]"
17,0.9493993981260036,"[1 1 1 1 1 1 1 0 1 0 1 0 1 1 0 0 1 0 0 1 0 1 0 0 1 1 1 0 1 0 0 0 1 1 0 0 1 1 0 0]"
17,0.9309282283980971,"[1 1 1 1 1 1 1 0 0 0 1 0 1 1 0 0 1 0 0 1 1 1 0 0 1 1 1 1 1 0 0 0 1 1 0 1 1 1 0 0]"
17,0.9511525409274462,"[1 1 1 1 1 1 1 0 1 0 1 1 1 0 0 0 1 0 0 1 1 1 0 0 0 1 0 1 1 0 1 0 1 1 0 1 1 0 0 0]"
17,0.931214300574838,"[1 1 1 1 1 1 1 0 0 0 1 0 1 1 1 0 1 0 0 1 1 1 0 0 1 1 0 0 1 0 0 0 1 1 0 1 1 1 0 0]"
17,0.9199657890900249,"[1 1 1 1 1 1 0 1 1 1 0 1 1 1 1 1 1 0 0 1 0 1 0 0 1 0 0 1 1 0 1 0 0 1 0 1 1 1 1 0]"
17,0.919965927138337,"[1 1 1 1 1 1 0 1 1 1 0 1 1 1 1 1 1 0 0 1 0 1 0 0 1 1 0 1 1 0 1 0 0 1 0 0 1 0 0 0]"
17,0.9518778670248759,"[1 1 1 1 1 1 1 0 1 0 1 1 1 1 0 1 1 0 0 1 0 1 0 0 1 1 1 0 1 0 1 0 1 1 0 0 1 1 0 0]"
17,0.9199659273239539,"[1 1 1 1 1 1 0 1 1 1 0 1 1 1 1 1 1 0 0 1 0 1 0 0 1 1 0 1 1 0 1 0 0 1 0 1 1 1 1 0]"
17,0.9143193523239317,"[1 1 1 1 1 1 0 1 1 0 1 1 0 1 1 1 1 0 0 1 0 1 0 0 1 0 0 0 1 0 1 1 1 1 0 0 1 1 0 0]"
17,0.9194042989488986,"[1 1 1 1 1 1 0 1 1 1 0 1 1 0 1 1 1 0 0 1 1 1 0 0 1 1 0 1 1 0 1 0 0 1 0 1 1 1 1 0]"
17,0.9199656864945429,"[1 1 1 1 1 1 0 1 1 1 0 1 1 1 1 1 1 0 0 1 0 1 0 0 0 1 1 0 1 0 1 0 1 1 0 1 1 1 1 0]"
17,0.9245056219264663,"[1 1 1 1 1 1 0 1 1 1 1 1 1 1 1 1 1 0 0 1 0 1 0 0 1 1 0 1 1 0 0 0 0 1 0 0 1 1 0 0]"
17,0.931214300574838,"[1 1 1 1 1 1 1 0 0 0 1 0 1 1 1 0 1 0 0 1 1 1 0 0 1 1 0 0 1 0 0 0 1 1 0 1 1 1 0 0]"
17,0.9493993981260036,"[1 1 1 1 1 1 1 0 1 0 1 0 1 1 0 0 1 0 0 1 0 1 0 0 1 1 1 0 1 0 0 0 1 1 0 0 1 1 0 0]"
17,0.9309282283639868,"[1 1 1 1 1 1 1 0 0 0 1 0 1 1 0 0 1 0 0 1 1 1 0 0 1 1 1 1 1 0 0 0 1 1 0 1 1 0 0 0]"
17,0.9245054830448699,"[1 1 1 1 1 1 0 1 1 1 1 1 1 1 1 1 1 0 0 1 0 1 0 0 1 0 0 1 1 0 0 0 0 1 0 0 1 0 0 0]"
17,0.902004861816966,"[1 1 1 1 1 1 0 1 0 1 0 1 1 1 1 1 1 0 0 1 0 0 0 0 1 1 0 0 1 0 1 0 1 1 0 1 1 1 0 0]"
17,0.9485305806779493,"[1 1 1 1 1 1 1 0 1 0 1 0 0 1 1 0 1 0 0 1 1 1 0 0 1 1 1 0 1 0 0 0 1 1 0 1 1 1 0 0]"
17,0.9707317084919015,"[1 1 1 1 1 1 1 1 0 0 1 1 1 1 0 1 1 0 0 1 1 1 0 0 1 1 1 1 1 0 0 0 0 1 1 0 1 0 0 0]"
17,0.9245054830448699,"[1 1 1 1 1 1 0 1 1 1 1 1 1 1 1 1 1 0 0 1 0 1 0 0 1 0 0 1 1 0 0 0 0 1 0 0 1 0 0 0]"
17,0.9482392633494734,"[1 1 1 1 1 1 1 0 1 0 1 0 0 1 0 0 1 0 0 1 1 1 0 0 0 1 0 0 1 0 0 0 1 1 0 0 1 0 0 0]"
17,0.9312143397442213,"[1 1 1 1 1 1 1 0 0 0 1 0 1 1 1 0 1 0 0 1 1 1 0 0 1 1 0 1 1 0 1 0 1 1 0 0 1 1 0 0]"
17,0.9245054841635159,"[1 1 1 1 1 1 0 1 1 1 1 1 1 1 1 1 1 0 0 1 0 1 0 0 1 0 0 1 1 0 0 0 1 1 0 0 1 1 0 0]"
17,0.980281656080982,"[1 1 1 1 1 1 1 1 0 1 1 1 1 1 0 1 1 0 0 1 1 1 0 0 1 1 0 1 1 0 0 0 0 1 1 0 1 0 0 0]"
17,0.9309282283639868,"[1 1 1 1 1 1 1 0 0 0 1 0 1 1 0 0 1 0 0 1 1 1 0 0 1 1 1 1 1 0 0 0 1 1 0 1 1 0 0 0]"
17,0.9309282283639868,"[1 1 1 1 1 1 1 0 0 0 1 0 1 1 0 0 1 0 0 1 1 1 0 0 1 1 1 1 1 0 0 0 1 1 0 1 1 0 0 0]"
17,0.9495450338002615,"[1 1 1 1 1 1 1 0 1 0 1 0 1 1 0 1 1 0 0 1 0 1 0 0 1 1 1 0 1 0 1 0 1 1 0 1 1 1 0 0]"
17,0.9332198621277847,"[1 1 1 1 1 1 1 0 0 0 1 1 1 1 0 0 1 0 0 1 1 1 0 0 1 1 1 1 1 0 0 0 1 1 0 0 1 0 0 0]"
17,0.930927883304881,"[1 1 1 1 1 1 1 0 0 0 1 0 1 1 0 0 1 0 0 1 1 1 0 0 0 1 0 1 1 0 1 0 1 1 0 0 1 0 0 0]"
17,0.9511525409274462,"[1 1 1 1 1 1 1 0 1 0 1 1 1 0 0 0 1 0 0 1 1 1 0 0 0 1 0 1 1 0 1 0 1 1 0 1 1 0 0 0]"
17,0.9518778670248759,"[1 1 1 1 1 1 1 0 1 0 1 1 1 1 0 1 1 0 0 1 0 1 0 0 1 1 1 0 1 0 1 0 1 1 0 0 1 1 0 0]"
17,0.9188339691896876,"[1 1 1 1 1 1 0 1 1 1 0 1 0 1 1 1 1 0 0 1 0 1 0 0 1 0 0 0 1 0 1 0 0 1 0 0 1 0 1 0]"
17,0.9199659271720855,"[1 1 1 1 1 1 0 1 1 1 0 1 1 1 1 1 1 0 0 1 0 1 0 0 1 1 0 1 1 0 1 0 0 1 0 0 1 1 0 0]"
17,0.9154462273879977,"[1 1 1 1 1 1 0 1 1 0 1 1 1 1 1 1 1 0 0 1 0 1 0 0 1 0 1 1 1 0 0 0 0 1 0 0 1 0 0 0]"
17,0.9245054884686078,"[1 1 1 1 1 1 0 1 1 1 1 1 1 1 1 1 1 0 0 1 0 1 0 0 1 0 0 1 1 0 1 0 1 1 0 0 1 0 0 0]"
17,0.9165719488136488,"[1 1 1 1 1 1 0 1 1 1 0 0 0 1 1 1 1 0 0 1 0 0 0 0 1 0 0 0 1 0 0 0 0 1 0 0 1 1 1 0]"
17,0.9188339691896876,"[1 1 1 1 1 1 0 1 1 1 0 1 0 1 1 1 1 0 0 1 0 1 0 0 1 0 0 0 1 0 1 0 0 1 0 0 1 0 1 0]"
17,0.9309282283639868,"[1 1 1 1 1 1 1 0 0 0 1 0 1 1 0 0 1 0 0 1 1 1 0 0 1 1 1 1 1 0 0 0 1 1 0 1 1 0 0 0]"
17,0.9245054830448699,"[1 1 1 1 1 1 0 1 1 1 1 1 1 1 1 1 1 0 0 1 0 1 0 0 1 0 0 1 1 0 0 0 0 1 0 0 1 0 0 0]"
17,0.9493993981260036,"[1 1 1 1 1 1 1 0 1 0 1 0 1 1 0 0 1 0 0 1 0 1 0 0 1 1 1 0 1 0 0 0 1 1 0 0 1 1 0 0]"
17,0.9309282283639868,"[1 1 1 1 1 1 1 0 0 0 1 0 1 1 0 0 1 0 0 1 1 1 0 0 1 1 1 1 1 0 0 0 1 1 0 1 1 0 0 0]"
17,0.9511525409274462,"[1 1 1 1 1 1 1 0 1 0 1 1 1 0 0 0 1 0 0 1 1 1 0 0 0 1 0 1 1 0 1 0 1 1 0 1 1 0 0 0]"
17,0.9209572640702399,"[1 1 1 1 1 1 0 1 1 1 1 0 0 1 1 0 1 0 0 1 0 1 0 0 1 1 0 1 1 0 0 0 0 1 0 0 1 0 0 0]"
17,0.9510069326532359,"[1 1 1 1 1 1 1 0 1 0 1 1 0 1 1 1 1 0 0 1 1 1 0 0 1 1 0 0 1 0 0 0 1 1 0 0 1 1 0 0]"
18,0.9482393033014981,"[1 1 1 1 1 1 1 0 1 0 1 0 0 1 0 0 1 0 0 1 1 1 0 0 0 1 0 1 1 0 1 0 1 1 0 0 1 0 0 0]"
18,0.9199659271720855,"[1 1 1 1 1 1 0 1 1 1 0 1 1 1 1 1 1 0 0 1 0 1 0 0 1 1 0 1 1 0 1 0 0 1 0 0 1 1 0 0]"
18,0.980281656080982,"[1 1 1 1 1 1 1 1 0 1 1 1 1 1 0 1 1 0 0 1 1 1 0 0 1 1 0 1 1 0 0 0 0 1 1 0 1 0 0 0]"
18,0.9245056264179999,"[1 1 1 1 1 1 0 1 1 1 1 1 1 1 1 1 1 0 0 1 0 1 0 0 1 1 0 1 1 0 1 0 0 1 0 1 1 1 1 0]"
18,0.9287844226612437,"[1 1 1 1 1 1 1 0 0 0 0 1 1 1 0 1 1 0 0 1 1 1 0 0 1 1 1 1 1 0 0 0 1 1 0 1 1 1 0 0]"
18,0.968209028474615,"[1 1 1 1 1 1 1 1 0 0 1 0 1 1 0 0 1 0 0 1 1 1 0 0 1 1 0 1 1 0 0 0 1 1 0 1 1 0 1 0]"
18,0.8790551551969334,"[1 1 1 1 1 1 0 0 1 0 1 1 1 0 0 0 1 0 0 1 1 1 0 0 1 1 0 1 1 0 1 0 1 1 0 1 1 0 0 0]"
18,0.9961278987906926,"[1 1 1 1 1 1 1 1 1 1 1 0 0 1 1 0 1 0 0 1 0 1 0 0 0 1 0 1 1 0 0 0 0 1 0 0 1 0 0 0]"
18,0.9309282283639868,"[1 1 1 1 1 1 1 0 0 0 1 0 1 1 0 0 1 0 0 1 1 1 0 0 1 1 1 1 1 0 0 0 1 1 0 1 1 0 0 0]"
18,0.9309282283980971,"[1 1 1 1 1 1 1 0 0 0 1 0 1 1 0 0 1 0 0 1 1 1 0 0 1 1 1 1 1 0 0 0 1 1 0 1 1 1 0 0]"
18,0.9309282325936563,"[1 1 1 1 1 1 1 0 0 0 1 0 1 1 0 0 1 0 0 1 1 1 0 0 1 1 1 1 1 0 1 0 1 1 0 0 1 0 0 0]"
18,0.930927879075213,"[1 1 1 1 1 1 1 0 0 0 1 0 1 1 0 0 1 0 0 1 1 1 0 0 0 1 0 1 1 0 0 0 1 1 0 1 1 0 0 0]"
18,0.9245054841635159,"[1 1 1 1 1 1 0 1 1 1 1 1 1 1 1 1 1 0 0 1 0 1 0 0 1 0 0 1 1 0 0 0 1 1 0 0 1 1 0 0]"
18,0.9511525409274462,"[1 1 1 1 1 1 1 0 1 0 1 1 1 0 0 0 1 0 0 1 1 1 0 0 0 1 0 1 1 0 1 0 1 1 0 1 1 0 0 0]"
18,0.9518778671640772,"[1 1 1 1 1 1 1 0 1 0 1 1 1 1 0 1 1 0 0 1 0 1 0 0 1 1 1 0 1 0 1 0 1 1 0 1 1 1 0 0]"
18,0.9222331198145076,"[1 1 1 1 1 1 0 1 1 1 1 0 1 1 1 1 1 0 0 1 0 1 0 0 1 0 0 1 1 0 0 0 0 1 0 0 1 0 0 0]"
18,0.9493993980912849,"[1 1 1 1 1 1 1 0 1 0 1 0 1 1 0 0 1 0 0 1 0 1 0 0 1 1 1 0 1 0 0 0 1 1 0 0 1 0 0 0]"
18,0.9309282283980971,"[1 1 1 1 1 1 1 0 0 0 1 0 1 1 0 0 1 0 0 1 1 1 0 0 1 1 1 1 1 0 0 0 1 1 0 1 1 1 0 0]"
18,0.9518778670248759,"[1 1 1 1 1 1 1 0 1 0 1 1 1 1 0 1 1 0 0 1 0 1 0 0 1 1 1 0 1 0 1 0 1 1 0 0 1 1 0 0]"
18,0.9659880987189035,"[1 1 1 1 1 1 1 1 0 0 0 1 1 1 0 1 1 0 0 1 1 1 0 0 1 1 0 1 1 0 0 0 1 1 0 1 1 1 1 0]"
18,0.9493993980912849,"[1 1 1 1 1 1 1 0 1 0 1 0 1 1 0 0 1 0 0 1 0 1 0 0 1 1 1 0 1 0 0 0 1 1 0 0 1 0 0 0]"
18,0.915446227421597,"[1 1 1 1 1 1 0 1 1 0 1 1 1 1 1 1 1 0 0 1 0 1 0 0 1 0 1 1 1 0 0 0 0 1 0 0 1 1 0 0]"
18,0.9493993981260036,"[1 1 1 1 1 1 1 0 1 0 1 0 1 1 0 0 1 0 0 1 0 1 0 0 1 1 1 0 1 0 0 0 1 1 0 0 1 1 0 0]"
18,0.9493993981260036,"[1 1 1 1 1 1 1 0 1 0 1 0 1 1 0 0 1 0 0 1 0 1 0 0 1 1 1 0 1 0 0 0 1 1 0 0 1 1 0 0]"
18,0.9482392633494734,"[1 1 1 1 1 1 1 0 1 0 1 0 0 1 0 0 1 0 0 1 1 1 0 0 0 1 0 0 1 0 0 0 1 1 0 0 1 0 0 0]"
18,0.902004861816966,"[1 1 1 1 1 1 0 1 0 1 0 1 1 1 1 1 1 0 0 1 0 0 0 0 1 1 0 0 1 0 1 0 1 1 0 1 1 1 0 0]"
18,0.9245056264179999,"[1 1 1 1 1 1 0 1 1 1 1 1 1 1 1 1 1 0 0 1 0 1 0 0 1 1 0 1 1 0 1 0 0 1 0 1 1 1 1 0]"
18,0.9511525409274462,"[1 1 1 1 1 1 1 0 1 0 1 1 1 0 0 0 1 0 0 1 1 1 0 0 0 1 0 1 1 0 1 0 1 1 0 1 1 0 0 0]"
18,0.9309282283639868,"[1 1 1 1 1 1 1 0 0 0 1 0 1 1 0 0 1 0 0 1 1 1 0 0 1 1 1 1 1 0 0 0 1 1 0 1 1 0 0 0]"
18,0.9309282283980971,"[1 1 1 1 1 1 1 0 0 0 1 0 1 1 0 0 1 0 0 1 1 1 0 0 1 1 1 1 1 0 0 0 1 1 0 1 1 1 0 0]"
18,0.9494036333720369,"[1 1 1 1 1 1 1 0 1 0 1 0 1 1 0 0 1 0 0 1 1 1 0 0 0 1 0 1 1 0 1 0 1 1 0 1 1 0 0 0]"
18,0.948380547651659,"[1 1 1 1 1 1 1 0 1 0 1 0 0 1 0 1 1 0 0 1 0 1 0 0 1 1 1 0 1 0 1 0 1 1 0 0 1 1 0 0]"
18,0.9510069326532359,"[1 1 1 1 1 1 1 0 1 0 1 1 0 1 1 1 1 0 0 1 1 1 0 0 1 1 0 0 1 0 0 0 1 1 0 0 1 1 0 0]"
18,0.9143193523239317,"[1 1 1 1 1 1 0 1 1 0 1 1 0 1 1 1 1 0 0 1 0 1 0 0 1 0 0 0 1 0 1 1 1 1 0 0 1 1 0 0]"
18,0.9495450338002615,"[1 1 1 1 1 1 1 0 1 0 1 0 1 1 0 1 1 0 0 1 0 1 0 0 1 1 1 0 1 0 1 0 1 1 0 1 1 1 0 0]"
18,0.9482393033014981,"[1 1 1 1 1 1 1 0 1 0 1 0 0 1 0 0 1 0 0 1 1 1 0 0 0 1 0 1 1 0 1 0 1 1 0 0 1 0 0 0]"
18,0.9309282283639868,"[1 1 1 1 1 1 1 0 0 0 1 0 1 1 0 0 1 0 0 1 1 1 0 0 1 1 1 1 1 0 0 0 1 1 0 1 1 0 0 0]"
18,0.9199659271720855,"[1 1 1 1 1 1 0 1 1 1 0 1 1 1 1 1 1 0 0 1 0 1 0 0 1 1 0 1 1 0 1 0 0 1 0 0 1 1 0 0]"
18,0.9154462273879977,"[1 1 1 1 1 1 0 1 1 0 1 1 1 1 1 1 1 0 0 1 0 1 0 0 1 0 1 1 1 0 0 0 0 1 0 0 1 0 0 0]"
18,0.9482393033014981,"[1 1 1 1 1 1 1 0 1 0 1 0 0 1 0 0 1 0 0 1 1 1 0 0 0 1 0 1 1 0 1 0 1 1 0 0 1 0 0 0]"
18,0.9245055917060735,"[1 1 1 1 1 1 0 1 1 1 1 1 1 1 1 1 1 0 0 1 0 1 0 0 1 1 0 0 1 0 1 0 0 1 0 1 1 1 1 0]"
18,0.9495450693571817,"[1 1 1 1 1 1 1 0 1 0 1 0 1 1 0 1 1 0 0 1 0 1 0 0 1 1 1 1 1 0 1 0 1 1 0 1 1 1 0 0]"
18,0.9154461596854899,"[1 1 1 1 1 1 0 1 1 0 1 1 1 1 1 1 1 0 0 1 0 1 0 0 1 0 0 1 1 0 0 0 1 1 0 0 1 1 0 0]"
18,0.9401252591275494,"[1 1 1 1 1 1 1 0 0 1 1 0 1 1 0 0 1 0 0 1 1 1 0 0 1 1 1 1 1 0 0 0 1 1 0 1 1 0 0 0]"
18,0.9493993981260036,"[1 1 1 1 1 1 1 0 1 0 1 0 1 1 0 0 1 0 0 1 0 1 0 0 1 1 1 0 1 0 0 0 1 1 0 0 1 1 0 0]"
18,0.9510069326532359,"[1 1 1 1 1 1 1 0 1 0 1 1 0 1 1 1 1 0 0 1 1 1 0 0 1 1 0 0 1 0 0 0 1 1 0 0 1 1 0 0]"
18,0.9802817292632592,"[1 1 1 1 1 1 1 1 0 1 1 1 1 1 0 1 1 0 0 1 1 1 0 0 1 1 1 1 1 0 0 0 0 1 1 0 1 0 0 0]"
18,0.9309281585403328,"[1 1 1 1 1 1 1 0 0 0 1 0 1 1 0 0 1 0 0 1 1 1 0 0 1 1 0 1 1 0 0 0 1 1 0 1 1 1 0 0]"
18,0.9309282283639868,"[1 1 1 1 1 1 1 0 0 0 1 0 1 1 0 0 1 0 0 1 1 1 0 0 1 1 1 1 1 0 0 0 1 1 0 1 1 0 0 0]"
18,0.9493993981260036,"[1 1 1 1 1 1 1 0 1 0 1 0 1 1 0 0 1 0 0 1 0 1 0 0 1 1 1 0 1 0 0 0 1 1 0 0 1 1 0 0]"
19,0.9518778671640772,"[1 1 1 1 1 1 1 0 1 0 1 1 1 1 0 1 1 0 0 1 0 1 0 0 1 1 1 0 1 0 1 0 1 1 0 1 1 1 0 0]"
19,0.9287844226612437,"[1 1 1 1 1 1 1 0 0 0 0 1 1 1 0 1 1 0 0 1 1 1 0 0 1 1 1 1 1 0 0 0 1 1 0 1 1 1 0 0]"
19,0.958911612295446,"[1 1 1 1 1 1 1 0 1 1 1 0 1 1 0 1 1 0 0 1 1 1 0 0 0 1 0 1 1 0 0 0 0 1 0 1 1 0 0 0]"
19,0.8952160001537985,"[1 1 1 1 1 1 0 1 0 0 1 0 1 1 1 0 1 0 0 1 0 1 0 0 1 0 0 1 1 0 0 0 1 1 0 0 1 0 0 0]"
19,0.9309282283980971,"[1 1 1 1 1 1 1 0 0 0 1 0 1 1 0 0 1 0 0 1 1 1 0 0 1 1 1 1 1 0 0 0 1 1 0 1 1 1 0 0]"
19,0.9511525409274462,"[1 1 1 1 1 1 1 0 1 0 1 1 1 0 0 0 1 0 0 1 1 1 0 0 0 1 0 1 1 0 1 0 1 1 0 1 1 0 0 0]"
19,0.9493993981260036,"[1 1 1 1 1 1 1 0 1 0 1 0 1 1 0 0 1 0 0 1 0 1 0 0 1 1 1 0 1 0 0 0 1 1 0 0 1 1 0 0]"
19,0.9493993980912849,"[1 1 1 1 1 1 1 0 1 0 1 0 1 1 0 0 1 0 0 1 0 1 0 0 1 1 1 0 1 0 0 0 1 1 0 0 1 0 0 0]"
19,0.9287842832353252,"[1 1 1 1 1 1 1 0 0 0 0 1 1 1 0 1 1 0 0 1 1 1 0 0 1 0 1 1 1 0 0 0 1 1 0 1 1 1 0 0]"
19,0.9245056230112141,"[1 1 1 1 1 1 0 1 1 1 1 1 1 1 1 1 1 0 0 1 0 1 0 0 1 1 0 1 1 0 0 0 1 1 0 0 1 1 0 0]"
19,0.9309282283639868,"[1 1 1 1 1 1 1 0 0 0 1 0 1 1 0 0 1 0 0 1 1 1 0 0 1 1 1 1 1 0 0 0 1 1 0 1 1 0 0 0]"
19,0.9482392633494734,"[1 1 1 1 1 1 1 0 1 0 1 0 0 1 0 0 1 0 0 1 1 1 0 0 0 1 0 0 1 0 0 0 1 1 0 0 1 0 0 0]"
19,0.9861379087457173,"[1 1 1 1 1 1 1 1 1 0 1 0 0 1 0 0 1 0 0 1 0 1 0 0 1 1 1 0 1 0 0 0 1 1 0 0 1 1 0 0]"
19,0.9590539634807904,"[1 1 1 1 1 1 1 0 1 1 1 0 1 1 1 0 1 0 0 1 0 1 0 0 0 1 0 1 1 0 0 0 0 1 0 0 1 0 0 0]"
19,0.9242211634521252,"[1 1 1 1 1 1 0 1 1 1 1 1 1 1 0 1 1 0 0 1 0 1 0 0 1 0 0 1 1 0 0 0 1 1 0 0 1 1 0 0]"
19,0.9496906804120853,"[1 1 1 1 1 1 1 0 1 0 1 0 1 1 1 0 1 0 0 1 0 1 0 0 1 1 1 0 1 0 0 0 1 1 0 0 1 1 0 0]"
19,0.9510069326532359,"[1 1 1 1 1 1 1 0 1 0 1 1 0 1 1 1 1 0 0 1 1 1 0 0 1 1 0 0 1 0 0 0 1 1 0 0 1 1 0 0]"
19,0.9493993981260036,"[1 1 1 1 1 1 1 0 1 0 1 0 1 1 0 0 1 0 0 1 0 1 0 0 1 1 1 0 1 0 0 0 1 1 0 0 1 1 0 0]"
19,0.9493993981260036,"[1 1 1 1 1 1 1 0 1 0 1 0 1 1 0 0 1 0 0 1 0 1 0 0 1 1 1 0 1 0 0 0 1 1 0 0 1 1 0 0]"
19,0.9961278987906926,"[1 1 1 1 1 1 1 1 1 1 1 0 0 1 1 0 1 0 0 1 0 1 0 0 0 1 0 1 1 0 0 0 0 1 0 0 1 0 0 0]"
19,0.9518778671640772,"[1 1 1 1 1 1 1 0 1 0 1 1 1 1 0 1 1 0 0 1 0 1 0 0 1 1 1 0 1 0 1 0 1 1 0 1 1 1 0 0]"
19,0.9495450693571817,"[1 1 1 1 1 1 1 0 1 0 1 0 1 1 0 1 1 0 0 1 0 1 0 0 1 1 1 1 1 0 1 0 1 1 0 1 1 1 0 0]"
19,0.9493993981260036,"[1 1 1 1 1 1 1 0 1 0 1 0 1 1 0 0 1 0 0 1 0 1 0 0 1 1 1 0 1 0 0 0 1 1 0 0 1 1 0 0]"
19,0.9401252591275494,"[1 1 1 1 1 1 1 0 0 1 1 0 1 1 0 0 1 0 0 1 1 1 0 0 1 1 1 1 1 0 0 0 1 1 0 1 1 0 0 0]"
19,0.9511525409274462,"[1 1 1 1 1 1 1 0 1 0 1 1 1 0 0 0 1 0 0 1 1 1 0 0 0 1 0 1 1 0 1 0 1 1 0 1 1 0 0 0]"
19,0.9309282283639868,"[1 1 1 1 1 1 1 0 0 0 1 0 1 1 0 0 1 0 0 1 1 1 0 0 1 1 1 1 1 0 0 0 1 1 0 1 1 0 0 0]"
19,0.9482393033014981,"[1 1 1 1 1 1 1 0 1 0 1 0 0 1 0 0 1 0 0 1 1 1 0 0 0 1 0 1 1 0 1 0 1 1 0 0 1 0 0 0]"
19,0.9518778671640772,"[1 1 1 1 1 1 1 0 1 0 1 1 1 1 0 1 1 0 0 1 0 1 0 0 1 1 1 0 1 0 1 0 1 1 0 1 1 1 0 0]"
19,0.9196828632673085,"[1 1 1 1 1 1 0 1 1 1 0 1 1 1 0 1 1 0 0 1 0 1 0 0 1 1 0 1 1 0 1 0 0 1 0 0 1 1 0 0]"
19,0.9290700064690701,"[1 1 1 1 1 1 1 0 0 0 0 1 1 1 1 1 1 0 0 1 1 1 0 0 1 1 1 1 1 0 0 0 1 1 0 1 1 1 0 0]"
19,0.9493993981260036,"[1 1 1 1 1 1 1 0 1 0 1 0 1 1 0 0 1 0 0 1 0 1 0 0 1 1 1 0 1 0 0 0 1 1 0 0 1 1 0 0]"
19,0.9493993981260036,"[1 1 1 1 1 1 1 0 1 0 1 0 1 1 0 0 1 0 0 1 0 1 0 0 1 1 1 0 1 0 0 0 1 1 0 0 1 1 0 0]"
19,0.980281656080982,"[1 1 1 1 1 1 1 1 0 1 1 1 1 1 0 1 1 0 0 1 1 1 0 0 1 1 0 1 1 0 0 0 0 1 1 0 1 0 0 0]"
19,0.9493993980912849,"[1 1 1 1 1 1 1 0 1 0 1 0 1 1 0 0 1 0 0 1 0 1 0 0 1 1 1 0 1 0 0 0 1 1 0 0 1 0 0 0]"
19,0.9495450338002615,"[1 1 1 1 1 1 1 0 1 0 1 0 1 1 0 1 1 0 0 1 0 1 0 0 1 1 1 0 1 0 1 0 1 1 0 1 1 1 0 0]"
19,0.9309282325936563,"[1 1 1 1 1 1 1 0 0 0 1 0 1 1 0 0 1 0 0 1 1 1 0 0 1 1 1 1 1 0 1 0 1 1 0 0 1 0 0 0]"
19,0.9682090273261553,"[1 1 1 1 1 1 1 1 0 0 1 0 1 1 0 0 1 0 0 1 1 1 0 0 1 1 0 1 1 0 0 0 0 1 0 1 1 0 0 0]"
19,0.9802816572423217,"[1 1 1 1 1 1 1 1 0 1 1 1 1 1 0 1 1 0 0 1 1 1 0 0 1 1 0 1 1 0 0 0 1 1 1 0 1 0 1 0]"
19,0.9493993980912849,"[1 1 1 1 1 1 1 0 1 0 1 0 1 1 0 0 1 0 0 1 0 1 0 0 1 1 1 0 1 0 0 0 1 1 0 0 1 0 0 0]"
19,0.9309282283639868,"[1 1 1 1 1 1 1 0 0 0 1 0 1 1 0 0 1 0 0 1 1 1 0 0 1 1 1 1 1 0 0 0 1 1 0 1 1 0 0 0]"
19,0.9493993981260036,"[1 1 1 1 1 1 1 0 1 0 1 0 1 1 0 0 1 0 0 1 0 1 0 0 1 1 1 0 1 0 0 0 1 1 0 0 1 1 0 0]"
19,0.9493993980912849,"[1 1 1 1 1 1 1 0 1 0 1 0 1 1 0 0 1 0 0 1 0 1 0 0 1 1 1 0 1 0 0 0 1 1 0 0 1 0 0 0]"
19,0.9309282283980971,"[1 1 1 1 1 1 1 0 0 0 1 0 1 1 0 0 1 0 0 1 1 1 0 0 1 1 1 1 1 0 0 0 1 1 0 1 1 1 0 0]"
19,0.9510069326532359,"[1 1 1 1 1 1 1 0 1 0 1 1 0 1 1 1 1 0 0 1 1 1 0 0 1 1 0 0 1 0 0 0 1 1 0 0 1 1 0 0]"
19,0.968209028474615,"[1 1 1 1 1 1 1 1 0 0 1 0 1 1 0 0 1 0 0 1 1 1 0 0 1 1 0 1 1 0 0 0 1 1 0 1 1 0 1 0]"
19,0.9659880987189035,"[1 1 1 1 1 1 1 1 0 0 0 1 1 1 0 1 1 0 0 1 1 1 0 0 1 1 0 1 1 0 0 0 1 1 0 1 1 1 1 0]"
19,0.9493993981260036,"[1 1 1 1 1 1 1 0 1 0 1 0 1 1 0 0 1 0 0 1 0 1 0 0 1 1 1 0 1 0 0 0 1 1 0 0 1 1 0 0]"
19,0.9309282283639868,"[1 1 1 1 1 1 1 0 0 0 1 0 1 1 0 0 1 0 0 1 1 1 0 0 1 1 1 1 1 0 0 0 1 1 0 1 1 0 0 0]"
19,0.9482393344099765,"[1 1 1 1 1 1 1 0 1 0 1 0 0 1 0 0 1 0 0 1 1 1 0 0 0 1 1 0 1 0 0 0 1 1 0 0 1 1 0 0]"
19,0.9493993269872641,"[1 1 1 1 1 1 1 0 1 0 1 0 1 1 0 0 1 0 0 1 0 1 0 0 1 1 0 0 1 0 0 0 1 1 0 0 1 0 0 0]"
20,0.9873440720630354,"[1 1 1 1 1 1 1 1 1 0 1 0 1 1 0 0 1 0 0 1 0 1 0 0 1 1 1 1 1 0 0 0 1 1 0 0 1 1 0 0]"
20,0.9297842768887283,"[1 1 1 1 1 1 1 0 0 0 1 0 0 1 0 0 1 0 0 1 1 1 0 0 1 1 1 0 1 0 0 0 1 1 0 1 1 1 0 0]"
20,0.9961278987906926,"[1 1 1 1 1 1 1 1 1 1 1 0 0 1 1 0 1 0 0 1 0 1 0 0 0 1 0 1 1 0 0 0 0 1 0 0 1 0 0 0]"
20,0.9961278987906926,"[1 1 1 1 1 1 1 1 1 1 1 0 0 1 1 0 1 0 0 1 0 1 0 0 0 1 0 1 1 0 0 0 0 1 0 0 1 0 0 0]"
20,0.9511525409274462,"[1 1 1 1 1 1 1 0 1 0 1 1 1 0 0 0 1 0 0 1 1 1 0 0 0 1 0 1 1 0 1 0 1 1 0 1 1 0 0 0]"
20,0.968209028474615,"[1 1 1 1 1 1 1 1 0 0 1 0 1 1 0 0 1 0 0 1 1 1 0 0 1 1 0 1 1 0 0 0 1 1 0 1 1 0 1 0]"
20,0.9590539634807904,"[1 1 1 1 1 1 1 0 1 1 1 0 1 1 1 0 1 0 0 1 0 1 0 0 0 1 0 1 1 0 0 0 0 1 0 0 1 0 0 0]"
20,0.9482393344099765,"[1 1 1 1 1 1 1 0 1 0 1 0 0 1 0 0 1 0 0 1 1 1 0 0 0 1 1 0 1 0 0 0 1 1 0 0 1 1 0 0]"
20,0.9495450338002615,"[1 1 1 1 1 1 1 0 1 0 1 0 1 1 0 1 1 0 0 1 0 1 0 0 1 1 1 0 1 0 1 0 1 1 0 1 1 1 0 0]"
20,0.9495450338002615,"[1 1 1 1 1 1 1 0 1 0 1 0 1 1 0 1 1 0 0 1 0 1 0 0 1 1 1 0 1 0 1 0 1 1 0 1 1 1 0 0]"
20,0.9682090273261553,"[1 1 1 1 1 1 1 1 0 0 1 0 1 1 0 0 1 0 0 1 1 1 0 0 1 1 0 1 1 0 0 0 0 1 0 1 1 0 0 0]"
20,0.958911612295446,"[1 1 1 1 1 1 1 0 1 1 1 0 1 1 0 1 1 0 0 1 1 1 0 0 0 1 0 1 1 0 0 0 0 1 0 1 1 0 0 0]"
20,0.9493993981260036,"[1 1 1 1 1 1 1 0 1 0 1 0 1 1 0 0 1 0 0 1 0 1 0 0 1 1 1 0 1 0 0 0 1 1 0 0 1 1 0 0]"
20,0.9659880987189035,"[1 1 1 1 1 1 1 1 0 0 0 1 1 1 0 1 1 0 0 1 1 1 0 0 1 1 0 1 1 0 0 0 1 1 0 1 1 1 1 0]"
20,0.9482393033014981,"[1 1 1 1 1 1 1 0 1 0 1 0 0 1 0 0 1 0 0 1 1 1 0 0 0 1 0 1 1 0 1 0 1 1 0 0 1 0 0 0]"
20,0.9482393344099765,"[1 1 1 1 1 1 1 0 1 0 1 0 0 1 0 0 1 0 0 1 1 1 0 0 0 1 1 0 1 0 0 0 1 1 0 0 1 1 0 0]"
20,0.980281656080982,"[1 1 1 1 1 1 1 1 0 1 1 1 1 1 0 1 1 0 0 1 1 1 0 0 1 1 0 1 1 0 0 0 0 1 1 0 1 0 0 0]"
20,0.9493993981260036,"[1 1 1 1 1 1 1 0 1 0 1 0 1 1 0 0 1 0 0 1 0 1 0 0 1 1 1 0 1 0 0 0 1 1 0 0 1 1 0 0]"
20,0.9493993980912849,"[1 1 1 1 1 1 1 0 1 0 1 0 1 1 0 0 1 0 0 1 0 1 0 0 1 1 1 0 1 0 0 0 1 1 0 0 1 0 0 0]"
20,0.9511525409622227,"[1 1 1 1 1 1 1 0 1 0 1 1 1 0 0 0 1 0 0 1 1 1 0 0 0 1 0 1 1 0 1 0 1 1 0 1 1 1 0 0]"
20,0.9309237575106988,"[1 1 1 1 1 1 1 0 0 0 1 0 1 1 0 0 1 0 0 1 0 1 0 0 1 1 1 1 1 0 0 0 1 1 0 1 1 1 0 0]"
20,0.9494039487932966,"[1 1 1 1 1 1 1 0 1 0 1 0 1 1 0 0 1 0 0 1 1 1 0 0 1 1 1 0 1 0 0 0 1 1 0 0 1 1 0 0]"
20,0.9961278987906926,"[1 1 1 1 1 1 1 1 1 1 1 0 0 1 1 0 1 0 0 1 0 1 0 0 0 1 0 1 1 0 0 0 0 1 0 0 1 0 0 0]"
20,0.9518778671640772,"[1 1 1 1 1 1 1 0 1 0 1 1 1 1 0 1 1 0 0 1 0 1 0 0 1 1 1 0 1 0 1 0 1 1 0 1 1 1 0 0]"
20,0.9850883037305774,"[1 1 1 1 1 1 1 1 1 0 0 1 1 1 0 1 1 0 0 1 1 1 0 0 1 1 0 1 1 0 0 0 1 1 0 1 1 1 0 0]"
20,0.9309237224284717,"[1 1 1 1 1 1 1 0 0 0 1 0 1 1 0 0 1 0 0 1 0 1 0 0 1 1 1 0 1 0 0 0 1 1 0 0 1 0 1 0]"
20,0.9510023750714686,"[1 1 1 1 1 1 1 0 1 0 1 1 0 1 1 1 1 0 0 1 0 1 0 0 1 1 0 0 1 0 0 0 1 1 0 0 1 1 0 0]"
20,0.9494039487932966,"[1 1 1 1 1 1 1 0 1 0 1 0 1 1 0 0 1 0 0 1 1 1 0 0 1 1 1 0 1 0 0 0 1 1 0 0 1 1 0 0]"
20,0.9518778671640772,"[1 1 1 1 1 1 1 0 1 0 1 1 1 1 0 1 1 0 0 1 0 1 0 0 1 1 1 0 1 0 1 0 1 1 0 1 1 1 0 0]"
20,0.968209028474615,"[1 1 1 1 1 1 1 1 0 0 1 0 1 1 0 0 1 0 0 1 1 1 0 0 1 1 0 1 1 0 0 0 1 1 0 1 1 0 1 0]"
20,0.9590539634807904,"[1 1 1 1 1 1 1 0 1 1 1 0 1 1 1 0 1 0 0 1 0 1 0 0 0 1 0 1 1 0 0 0 0 1 0 0 1 0 0 0]"
20,0.958911612295446,"[1 1 1 1 1 1 1 0 1 1 1 0 1 1 0 1 1 0 0 1 1 1 0 0 0 1 0 1 1 0 0 0 0 1 0 1 1 0 0 0]"
20,0.9682043966231404,"[1 1 1 1 1 1 1 1 0 0 1 0 1 1 0 0 1 0 0 1 0 1 0 0 1 1 0 1 1 0 0 0 1 1 0 0 1 0 1 0]"
20,0.9494039489321723,"[1 1 1 1 1 1 1 0 1 0 1 0 1 1 0 0 1 0 0 1 1 1 0 0 1 1 1 0 1 0 0 0 1 1 0 1 1 1 0 0]"
20,0.951002375036697,"[1 1 1 1 1 1 1 0 1 0 1 1 0 1 1 1 1 0 0 1 0 1 0 0 1 1 0 0 1 0 0 0 1 1 0 0 1 0 0 0]"
20,0.9494039487932966,"[1 1 1 1 1 1 1 0 1 0 1 0 1 1 0 0 1 0 0 1 1 1 0 0 1 1 1 0 1 0 0 0 1 1 0 0 1 1 0 0]"
20,0.9682091008275753,"[1 1 1 1 1 1 1 1 0 0 1 0 1 1 0 0 1 0 0 1 1 1 0 0 1 1 1 1 1 0 0 0 1 1 0 1 1 0 0 0]"
20,0.9309281574146951,"[1 1 1 1 1 1 1 0 0 0 1 0 1 1 0 0 1 0 0 1 1 1 0 0 1 1 0 1 1 0 0 0 0 1 0 1 1 0 0 0]"
20,0.9518778671640772,"[1 1 1 1 1 1 1 0 1 0 1 1 1 1 0 1 1 0 0 1 0 1 0 0 1 1 1 0 1 0 1 0 1 1 0 1 1 1 0 0]"
20,0.9309282283639868,"[1 1 1 1 1 1 1 0 0 0 1 0 1 1 0 0 1 0 0 1 1 1 0 0 1 1 1 1 1 0 0 0 1 1 0 1 1 0 0 0]"
20,0.930928228381042,"[1 1 1 1 1 1 1 0 0 0 1 0 1 1 0 0 1 0 0 1 1 1 0 0 1 1 1 1 1 0 0 0 1 1 0 1 1 0 1 0]"
20,0.9682090284569463,"[1 1 1 1 1 1 1 1 0 0 1 0 1 1 0 0 1 0 0 1 1 1 0 0 1 1 0 1 1 0 0 0 1 1 0 1 1 0 0 0]"
20,0.9287844226612437,"[1 1 1 1 1 1 1 0 0 0 0 1 1 1 0 1 1 0 0 1 1 1 0 0 1 1 1 1 1 0 0 0 1 1 0 1 1 1 0 0]"
20,0.9961278987906926,"[1 1 1 1 1 1 1 1 1 1 1 0 0 1 1 0 1 0 0 1 0 1 0 0 0 1 0 1 1 0 0 0 0 1 0 0 1 0 0 0]"
20,0.9518778671640772,"[1 1 1 1 1 1 1 0 1 0 1 1 1 1 0 1 1 0 0 1 0 1 0 0 1 1 1 0 1 0 1 0 1 1 0 1 1 1 0 0]"
20,0.9493993981260036,"[1 1 1 1 1 1 1 0 1 0 1 0 1 1 0 0 1 0 0 1 0 1 0 0 1 1 1 0 1 0 0 0 1 1 0 0 1 1 0 0]"
20,0.9493993981260036,"[1 1 1 1 1 1 1 0 1 0 1 0 1 1 0 0 1 0 0 1 0 1 0 0 1 1 1 0 1 0 0 0 1 1 0 0 1 1 0 0]"
20,0.9493993981260036,"[1 1 1 1 1 1 1 0 1 0 1 0 1 1 0 0 1 0 0 1 0 1 0 0 1 1 1 0 1 0 0 0 1 1 0 0 1 1 0 0]"
20,0.9401252591275494,"[1 1 1 1 1 1 1 0 0 1 1 0 1 1 0 0 1 0 0 1 1 1 0 0 1 1 1 1 1 0 0 0 1 1 0 1 1 0 0 0]"
20,0.9802816572423217,"[1 1 1 1 1 1 1 1 0 1 1 1 1 1 0 1 1 0 0 1 1 1 0 0 1 1 0 1 1 0 0 0 1 1 1 0 1 0 1 0]"
21,0.9589073446404285,"[1 1 1 1 1 1 1 0 1 1 1 0 1 1 0 1 1 0 0 1 0 1 0 0 1 1 1 0 1 0 0 0 1 1 0 1 1 1 0 0]"
21,0.9520235183173142,"[1 1 1 1 1 1 1 0 1 0 1 1 1 1 1 0 1 0 0 1 0 1 0 0 0 1 0 1 1 0 1 0 0 1 0 0 1 0 0 0]"
21,0.9518778671640772,"[1 1 1 1 1 1 1 0 1 0 1 1 1 1 0 1 1 0 0 1 0 1 0 0 1 1 1 0 1 0 1 0 1 1 0 1 1 1 0 0]"
21,0.958911612295446,"[1 1 1 1 1 1 1 0 1 1 1 0 1 1 0 1 1 0 0 1 1 1 0 0 0 1 0 1 1 0 0 0 0 1 0 1 1 0 0 0]"
21,0.9493990782968232,"[1 1 1 1 1 1 1 0 1 0 1 0 1 1 0 0 1 0 0 1 0 1 0 0 0 1 0 1 1 0 0 0 1 1 0 1 1 1 0 0]"
21,0.9615554250571615,"[1 1 1 1 1 1 1 0 1 1 1 1 1 1 1 1 1 0 0 1 0 1 0 0 1 1 1 0 1 0 1 0 0 1 0 0 1 0 0 0]"
21,0.9873487862047612,"[1 1 1 1 1 1 1 1 1 0 1 0 1 1 0 0 1 0 0 1 1 1 0 0 1 1 1 1 1 0 0 0 1 1 0 1 1 0 0 0]"
21,0.9402692557294271,"[1 1 1 1 1 1 1 0 0 1 1 0 1 1 0 1 1 0 0 1 1 1 0 0 0 1 0 1 1 0 0 0 0 1 0 1 1 0 0 0]"
21,0.9961278987906926,"[1 1 1 1 1 1 1 1 1 1 1 0 0 1 1 0 1 0 0 1 0 1 0 0 0 1 0 1 1 0 0 0 0 1 0 0 1 0 0 0]"
21,0.9961278987906926,"[1 1 1 1 1 1 1 1 1 1 1 0 0 1 1 0 1 0 0 1 0 1 0 0 0 1 0 1 1 0 0 0 0 1 0 0 1 0 0 0]"
21,0.9493993315701403,"[1 1 1 1 1 1 1 0 1 0 1 0 1 1 0 0 1 0 0 1 0 1 0 0 1 1 0 0 1 0 1 0 1 1 0 1 1 0 0 0]"
21,0.9962800395639492,"[1 1 1 1 1 1 1 1 1 1 1 0 0 1 1 1 1 0 0 1 0 1 0 0 0 1 1 1 1 0 0 0 0 1 0 0 1 1 0 0]"
21,0.9511525409622227,"[1 1 1 1 1 1 1 0 1 0 1 1 1 0 0 0 1 0 0 1 1 1 0 0 0 1 0 1 1 0 1 0 1 1 0 1 1 1 0 0]"
21,0.968209028474615,"[1 1 1 1 1 1 1 1 0 0 1 0 1 1 0 0 1 0 0 1 1 1 0 0 1 1 0 1 1 0 0 0 1 1 0 1 1 0 1 0]"
21,0.9801317900938381,"[1 1 1 1 1 1 1 1 0 1 1 1 1 1 0 0 1 0 0 1 1 1 0 0 1 1 0 1 1 0 0 0 1 1 0 1 1 0 0 0]"
21,0.9683573251015392,"[1 1 1 1 1 1 1 1 0 0 1 0 1 1 0 1 1 0 0 1 1 1 0 0 1 1 1 1 1 0 0 0 0 1 1 0 1 0 0 0]"
21,0.9682090273261553,"[1 1 1 1 1 1 1 1 0 0 1 0 1 1 0 0 1 0 0 1 1 1 0 0 1 1 0 1 1 0 0 0 0 1 0 1 1 0 0 0]"
21,0.9682043966231404,"[1 1 1 1 1 1 1 1 0 0 1 0 1 1 0 0 1 0 0 1 0 1 0 0 1 1 0 1 1 0 0 0 1 1 0 0 1 0 1 0]"
21,0.9873440720630354,"[1 1 1 1 1 1 1 1 1 0 1 0 1 1 0 0 1 0 0 1 0 1 0 0 1 1 1 1 1 0 0 0 1 1 0 0 1 1 0 0]"
21,0.930928228381042,"[1 1 1 1 1 1 1 0 0 0 1 0 1 1 0 0 1 0 0 1 1 1 0 0 1 1 1 1 1 0 0 0 1 1 0 1 1 0 1 0]"
21,0.9511525409622227,"[1 1 1 1 1 1 1 0 1 0 1 1 1 0 0 0 1 0 0 1 1 1 0 0 0 1 0 1 1 0 1 0 1 1 0 1 1 1 0 0]"
21,0.951002375036697,"[1 1 1 1 1 1 1 0 1 0 1 1 0 1 1 1 1 0 0 1 0 1 0 0 1 1 0 0 1 0 0 0 1 1 0 0 1 0 0 0]"
21,0.9873440720630354,"[1 1 1 1 1 1 1 1 1 0 1 0 1 1 0 0 1 0 0 1 0 1 0 0 1 1 1 1 1 0 0 0 1 1 0 0 1 1 0 0]"
21,0.9961278987906926,"[1 1 1 1 1 1 1 1 1 1 1 0 0 1 1 0 1 0 0 1 0 1 0 0 0 1 0 1 1 0 0 0 0 1 0 0 1 0 0 0]"
21,0.9659880987189035,"[1 1 1 1 1 1 1 1 0 0 0 1 1 1 0 1 1 0 0 1 1 1 0 0 1 1 0 1 1 0 0 0 1 1 0 1 1 1 1 0]"
21,0.9493993981260036,"[1 1 1 1 1 1 1 0 1 0 1 0 1 1 0 0 1 0 0 1 0 1 0 0 1 1 1 0 1 0 0 0 1 1 0 0 1 1 0 0]"
21,0.968209028474615,"[1 1 1 1 1 1 1 1 0 0 1 0 1 1 0 0 1 0 0 1 1 1 0 0 1 1 0 1 1 0 0 0 1 1 0 1 1 0 1 0]"
21,0.9682090284569463,"[1 1 1 1 1 1 1 1 0 0 1 0 1 1 0 0 1 0 0 1 1 1 0 0 1 1 0 1 1 0 0 0 1 1 0 1 1 0 0 0]"
21,0.9494039487932966,"[1 1 1 1 1 1 1 0 1 0 1 0 1 1 0 0 1 0 0 1 1 1 0 0 1 1 1 0 1 0 0 0 1 1 0 0 1 1 0 0]"
21,0.9590539634807904,"[1 1 1 1 1 1 1 0 1 1 1 0 1 1 1 0 1 0 0 1 0 1 0 0 0 1 0 1 1 0 0 0 0 1 0 0 1 0 0 0]"
21,0.9401206780286187,"[1 1 1 1 1 1 1 0 0 1 1 0 1 1 0 0 1 0 0 1 0 1 0 0 1 1 0 1 1 0 0 0 1 1 0 1 1 0 0 0]"
21,0.9876501568432592,"[1 1 1 1 1 1 1 1 1 0 1 0 1 1 1 0 1 0 0 1 1 1 0 0 0 1 0 1 1 0 0 0 0 1 0 0 1 0 1 0]"
21,0.9589116123129617,"[1 1 1 1 1 1 1 0 1 1 1 0 1 1 0 1 1 0 0 1 1 1 0 0 0 1 0 1 1 0 0 0 0 1 0 1 1 0 1 0]"
21,0.9659880987012713,"[1 1 1 1 1 1 1 1 0 0 0 1 1 1 0 1 1 0 0 1 1 1 0 0 1 1 0 1 1 0 0 0 1 1 0 1 1 1 0 0]"
21,0.9682091008275753,"[1 1 1 1 1 1 1 1 0 0 1 0 1 1 0 0 1 0 0 1 1 1 0 0 1 1 1 1 1 0 0 0 1 1 0 1 1 0 0 0]"
21,0.9401252591275494,"[1 1 1 1 1 1 1 0 0 1 1 0 1 1 0 0 1 0 0 1 1 1 0 0 1 1 1 1 1 0 0 0 1 1 0 1 1 0 0 0]"
21,0.958911612295446,"[1 1 1 1 1 1 1 0 1 1 1 0 1 1 0 1 1 0 0 1 1 1 0 0 0 1 0 1 1 0 0 0 0 1 0 1 1 0 0 0]"
21,0.9961278987906926,"[1 1 1 1 1 1 1 1 1 1 1 0 0 1 1 0 1 0 0 1 0 1 0 0 0 1 0 1 1 0 0 0 0 1 0 0 1 0 0 0]"
21,0.970731599681441,"[1 1 1 1 1 1 1 1 0 0 1 1 1 1 0 1 1 0 0 1 1 1 0 0 1 1 0 0 1 0 0 0 0 1 1 0 1 0 0 0]"
21,0.9612609068456155,"[1 1 1 1 1 1 1 0 1 1 1 1 1 1 0 1 1 0 0 1 0 1 0 0 1 1 1 1 1 0 1 0 1 1 0 1 1 1 0 0]"
21,0.9518778671640772,"[1 1 1 1 1 1 1 0 1 0 1 1 1 1 0 1 1 0 0 1 0 1 0 0 1 1 1 0 1 0 1 0 1 1 0 1 1 1 0 0]"
21,0.9495450338002615,"[1 1 1 1 1 1 1 0 1 0 1 0 1 1 0 1 1 0 0 1 0 1 0 0 1 1 1 0 1 0 1 0 1 1 0 1 1 1 0 0]"
21,0.9961281957751764,"[1 1 1 1 1 1 1 1 1 1 1 0 0 1 1 0 1 0 0 1 0 1 0 0 1 1 0 1 1 0 0 0 0 1 0 0 1 0 0 0]"
21,0.9518775820798723,"[1 1 1 1 1 1 1 0 1 0 1 1 1 1 0 1 1 0 0 1 0 1 0 0 0 1 1 0 1 0 1 0 1 1 0 1 1 1 0 0]"
21,0.9850883037485231,"[1 1 1 1 1 1 1 1 1 0 0 1 1 1 0 1 1 0 0 1 1 1 0 0 1 1 0 1 1 0 0 0 1 1 0 1 1 1 1 0]"
21,0.9659880987012713,"[1 1 1 1 1 1 1 1 0 0 0 1 1 1 0 1 1 0 0 1 1 1 0 0 1 1 0 1 1 0 0 0 1 1 0 1 1 1 0 0]"
21,0.958911612295446,"[1 1 1 1 1 1 1 0 1 1 1 0 1 1 0 1 1 0 0 1 1 1 0 0 0 1 0 1 1 0 0 0 0 1 0 1 1 0 0 0]"
21,0.968209028474615,"[1 1 1 1 1 1 1 1 0 0 1 0 1 1 0 0 1 0 0 1 1 1 0 0 1 1 0 1 1 0 0 0 1 1 0 1 1 0 1 0]"
21,0.9973450529293818,"[1 1 1 1 1 1 1 1 1 1 1 0 1 1 1 0 1 0 0 1 0 1 0 0 0 1 1 0 1 0 0 0 0 1 0 0 1 0 0 0]"
21,0.9482395831391157,"[1 1 1 1 1 1 1 0 1 0 1 0 0 1 0 0 1 0 0 1 1 1 0 0 1 1 0 1 1 0 0 0 1 1 0 1 1 1 0 0]"
22,0.9589116134339754,"[1 1 1 1 1 1 1 0 1 1 1 0 1 1 0 1 1 0 0 1 1 1 0 0 0 1 0 1 1 0 0 0 1 1 0 1 1 0 1 0]"
22,0.968209027343824,"[1 1 1 1 1 1 1 1 0 0 1 0 1 1 0 0 1 0 0 1 1 1 0 0 1 1 0 1 1 0 0 0 0 1 0 1 1 0 1 0]"
22,0.958911612295446,"[1 1 1 1 1 1 1 0 1 1 1 0 1 1 0 1 1 0 0 1 1 1 0 0 0 1 0 1 1 0 0 0 0 1 0 1 1 0 0 0]"
22,0.9961278987906926,"[1 1 1 1 1 1 1 1 1 1 1 0 0 1 1 0 1 0 0 1 0 1 0 0 0 1 0 1 1 0 0 0 0 1 0 0 1 0 0 0]"
22,0.9961278987906926,"[1 1 1 1 1 1 1 1 1 1 1 0 0 1 1 0 1 0 0 1 0 1 0 0 0 1 0 1 1 0 0 0 0 1 0 0 1 0 0 0]"
22,0.9589073446404285,"[1 1 1 1 1 1 1 0 1 1 1 0 1 1 0 1 1 0 0 1 0 1 0 0 1 1 1 0 1 0 0 0 1 1 0 1 1 1 0 0]"
22,0.9518778671640772,"[1 1 1 1 1 1 1 0 1 0 1 1 1 1 0 1 1 0 0 1 0 1 0 0 1 1 1 0 1 0 1 0 1 1 0 1 1 1 0 0]"
22,0.968209028474615,"[1 1 1 1 1 1 1 1 0 0 1 0 1 1 0 0 1 0 0 1 1 1 0 0 1 1 0 1 1 0 0 0 1 1 0 1 1 0 1 0]"
22,0.9873440720630354,"[1 1 1 1 1 1 1 1 1 0 1 0 1 1 0 0 1 0 0 1 0 1 0 0 1 1 1 1 1 0 0 0 1 1 0 0 1 1 0 0]"
22,0.9495450338002615,"[1 1 1 1 1 1 1 0 1 0 1 0 1 1 0 1 1 0 0 1 0 1 0 0 1 1 1 0 1 0 1 0 1 1 0 1 1 1 0 0]"
22,0.9658401998870658,"[1 1 1 1 1 1 1 1 0 0 0 1 1 1 0 0 1 0 0 1 1 1 0 0 1 1 0 1 1 0 0 0 1 1 0 1 1 1 1 0]"
22,0.9683572537281885,"[1 1 1 1 1 1 1 1 0 0 1 0 1 1 0 1 1 0 0 1 1 1 0 0 1 1 0 1 1 0 0 0 1 1 0 1 1 0 1 0]"
22,0.9494039844496188,"[1 1 1 1 1 1 1 0 1 0 1 0 1 1 0 0 1 0 0 1 1 1 0 0 1 1 1 1 1 0 0 0 1 1 0 1 1 0 0 0]"
22,0.9873440352347259,"[1 1 1 1 1 1 1 1 1 0 1 0 1 1 0 0 1 0 0 1 0 1 0 0 1 1 1 0 1 0 0 0 1 1 0 0 1 1 0 0]"
22,0.9495450338002615,"[1 1 1 1 1 1 1 0 1 0 1 0 1 1 0 1 1 0 0 1 0 1 0 0 1 1 1 0 1 0 1 0 1 1 0 1 1 1 0 0]"
22,0.9682090273261553,"[1 1 1 1 1 1 1 1 0 0 1 0 1 1 0 0 1 0 0 1 1 1 0 0 1 1 0 1 1 0 0 0 0 1 0 1 1 0 0 0]"
22,0.9683573251015392,"[1 1 1 1 1 1 1 1 0 0 1 0 1 1 0 1 1 0 0 1 1 1 0 0 1 1 1 1 1 0 0 0 0 1 1 0 1 0 0 0]"
22,0.9961278987906926,"[1 1 1 1 1 1 1 1 1 1 1 0 0 1 1 0 1 0 0 1 0 1 0 0 0 1 0 1 1 0 0 0 0 1 0 0 1 0 0 0]"
22,0.9682043966231404,"[1 1 1 1 1 1 1 1 0 0 1 0 1 1 0 0 1 0 0 1 0 1 0 0 1 1 0 1 1 0 0 0 1 1 0 0 1 0 1 0]"
22,0.9973450529293818,"[1 1 1 1 1 1 1 1 1 1 1 0 1 1 1 0 1 0 0 1 0 1 0 0 0 1 1 0 1 0 0 0 0 1 0 0 1 0 0 0]"
22,0.968209028474615,"[1 1 1 1 1 1 1 1 0 0 1 0 1 1 0 0 1 0 0 1 1 1 0 0 1 1 0 1 1 0 0 0 1 1 0 1 1 0 1 0]"
22,0.9518775820798723,"[1 1 1 1 1 1 1 0 1 0 1 1 1 1 0 1 1 0 0 1 0 1 0 0 0 1 1 0 1 0 1 0 1 1 0 1 1 1 0 0]"
22,0.9615554250571615,"[1 1 1 1 1 1 1 0 1 1 1 1 1 1 1 1 1 0 0 1 0 1 0 0 1 1 1 0 1 0 1 0 0 1 0 0 1 0 0 0]"
22,0.968209028474615,"[1 1 1 1 1 1 1 1 0 0 1 0 1 1 0 0 1 0 0 1 1 1 0 0 1 1 0 1 1 0 0 0 1 1 0 1 1 0 1 0]"
22,0.9312095826198145,"[1 1 1 1 1 1 1 0 0 0 1 0 1 1 1 0 1 0 0 1 0 1 0 0 0 1 0 1 1 0 0 0 0 1 0 0 1 0 0 0]"
22,0.9970457396355306,"[1 1 1 1 1 1 1 1 1 1 1 0 1 1 0 0 1 0 0 1 1 1 0 0 1 1 1 1 1 0 0 0 1 1 0 1 1 0 0 0]"
22,0.9801317900938381,"[1 1 1 1 1 1 1 1 0 1 1 1 1 1 0 0 1 0 0 1 1 1 0 0 1 1 0 1 1 0 0 0 1 1 0 1 1 0 0 0]"
22,0.9961278987906926,"[1 1 1 1 1 1 1 1 1 1 1 0 0 1 1 0 1 0 0 1 0 1 0 0 0 1 0 1 1 0 0 0 0 1 0 0 1 0 0 0]"
22,0.9520235183173142,"[1 1 1 1 1 1 1 0 1 0 1 1 1 1 1 0 1 0 0 1 0 1 0 0 0 1 0 1 1 0 1 0 0 1 0 0 1 0 0 0]"
22,0.9873440720630354,"[1 1 1 1 1 1 1 1 1 0 1 0 1 1 0 0 1 0 0 1 0 1 0 0 1 1 1 1 1 0 0 0 1 1 0 0 1 1 0 0]"
22,0.9876502305204324,"[1 1 1 1 1 1 1 1 1 0 1 0 1 1 1 0 1 0 0 1 1 1 0 0 0 1 1 1 1 0 0 0 0 1 0 0 1 0 1 0]"
22,0.9494038776889692,"[1 1 1 1 1 1 1 0 1 0 1 0 1 1 0 0 1 0 0 1 1 1 0 0 1 1 0 0 1 0 0 0 1 1 0 0 1 1 0 0]"
22,0.968209028474615,"[1 1 1 1 1 1 1 1 0 0 1 0 1 1 0 0 1 0 0 1 1 1 0 0 1 1 0 1 1 0 0 0 1 1 0 1 1 0 1 0]"
22,0.9659880987012713,"[1 1 1 1 1 1 1 1 0 0 0 1 1 1 0 1 1 0 0 1 1 1 0 0 1 1 0 1 1 0 0 0 1 1 0 1 1 1 0 0]"
22,0.9865900874970216,"[1 1 1 1 1 1 1 1 1 0 1 0 0 1 1 1 1 0 0 1 0 1 0 0 1 1 1 1 1 0 0 0 1 1 0 0 1 1 0 0]"
22,0.9970406854550437,"[1 1 1 1 1 1 1 1 1 1 1 0 1 1 0 0 1 0 0 1 0 1 0 0 0 1 1 1 1 0 0 0 0 1 0 0 1 1 0 0]"
22,0.9873487862047612,"[1 1 1 1 1 1 1 1 1 0 1 0 1 1 0 0 1 0 0 1 1 1 0 0 1 1 1 1 1 0 0 0 1 1 0 1 1 0 0 0]"
22,0.9682043966231404,"[1 1 1 1 1 1 1 1 0 0 1 0 1 1 0 0 1 0 0 1 0 1 0 0 1 1 0 1 1 0 0 0 1 1 0 0 1 0 1 0]"
22,0.9494039844843377,"[1 1 1 1 1 1 1 0 1 0 1 0 1 1 0 0 1 0 0 1 1 1 0 0 1 1 1 1 1 0 0 0 1 1 0 1 1 1 0 0]"
22,0.9899114681078464,"[1 1 1 1 1 1 1 1 1 0 1 1 1 1 0 1 1 0 0 1 0 1 0 0 1 1 1 0 1 0 1 0 1 1 0 1 1 0 0 0]"
22,0.9615554250571615,"[1 1 1 1 1 1 1 0 1 1 1 1 1 1 1 1 1 0 0 1 0 1 0 0 1 1 1 0 1 0 1 0 0 1 0 0 1 0 0 0]"
22,0.9973450529293818,"[1 1 1 1 1 1 1 1 1 1 1 0 1 1 1 0 1 0 0 1 0 1 0 0 0 1 1 0 1 0 0 0 0 1 0 0 1 0 0 0]"
22,0.9961278987906926,"[1 1 1 1 1 1 1 1 1 1 1 0 0 1 1 0 1 0 0 1 0 1 0 0 0 1 0 1 1 0 0 0 0 1 0 0 1 0 0 0]"
22,0.9518778671640772,"[1 1 1 1 1 1 1 0 1 0 1 1 1 1 0 1 1 0 0 1 0 1 0 0 1 1 1 0 1 0 1 0 1 1 0 1 1 1 0 0]"
22,0.9801317900938381,"[1 1 1 1 1 1 1 1 0 1 1 1 1 1 0 0 1 0 0 1 1 1 0 0 1 1 0 1 1 0 0 0 1 1 0 1 1 0 0 0]"
22,0.9520235183173142,"[1 1 1 1 1 1 1 0 1 0 1 1 1 1 1 0 1 0 0 1 0 1 0 0 0 1 0 1 1 0 1 0 0 1 0 0 1 0 0 0]"
22,0.9682090272201437,"[1 1 1 1 1 1 1 1 0 0 1 0 1 1 0 0 1 0 0 1 1 1 0 0 1 1 0 1 1 0 0 0 0 1 0 0 1 1 0 0]"
22,0.9873440721709309,"[1 1 1 1 1 1 1 1 1 0 1 0 1 1 0 0 1 0 0 1 0 1 0 0 1 1 1 1 1 0 0 0 1 1 0 1 1 0 0 0]"
22,0.9961279730368061,"[1 1 1 1 1 1 1 1 1 1 1 0 0 1 1 0 1 0 0 1 0 1 0 0 0 1 1 1 1 0 0 0 0 1 0 0 1 0 0 0]"
22,0.9682090284569463,"[1 1 1 1 1 1 1 1 0 0 1 0 1 1 0 0 1 0 0 1 1 1 0 0 1 1 0 1 1 0 0 0 1 1 0 1 1 0 0 0]"
23,0.9682090273614925,"[1 1 1 1 1 1 1 1 0 0 1 0 1 1 0 0 1 0 0 1 1 1 0 0 1 1 0 1 1 0 0 0 0 1 0 1 1 1 0 0]"
23,0.9801317899509236,"[1 1 1 1 1 1 1 1 0 1 1 1 1 1 0 0 1 0 0 1 1 1 0 0 1 1 0 1 1 0 0 0 1 1 0 0 1 0 0 0]"
23,0.9873484914691575,"[1 1 1 1 1 1 1 1 1 0 1 0 1 1 0 0 1 0 0 1 1 1 0 0 0 1 1 1 1 0 0 0 1 1 0 0 1 1 0 0]"
23,0.9876458098987937,"[1 1 1 1 1 1 1 1 1 0 1 0 1 1 1 0 1 0 0 1 0 1 0 0 1 1 1 1 1 0 0 0 0 1 0 0 1 0 1 0]"
23,0.968209028474615,"[1 1 1 1 1 1 1 1 0 0 1 0 1 1 0 0 1 0 0 1 1 1 0 0 1 1 0 1 1 0 0 0 1 1 0 1 1 0 1 0]"
23,0.9961278987906926,"[1 1 1 1 1 1 1 1 1 1 1 0 0 1 1 0 1 0 0 1 0 1 0 0 0 1 0 1 1 0 0 0 0 1 0 0 1 0 0 0]"
23,0.9777367210357754,"[1 1 1 1 1 1 1 1 0 1 1 0 1 1 0 0 1 0 0 1 1 1 0 0 1 1 0 1 1 0 0 0 1 1 0 1 1 0 0 0]"
23,0.9612651434810114,"[1 1 1 1 1 1 1 0 1 1 1 1 1 1 0 1 1 0 0 1 1 1 0 0 0 1 0 1 1 0 0 0 0 1 0 1 1 0 0 0]"
23,0.9801317900938381,"[1 1 1 1 1 1 1 1 0 1 1 1 1 1 0 0 1 0 0 1 1 1 0 0 1 1 0 1 1 0 0 0 1 1 0 1 1 0 0 0]"
23,0.9961278987906926,"[1 1 1 1 1 1 1 1 1 1 1 0 0 1 1 0 1 0 0 1 0 1 0 0 0 1 0 1 1 0 0 0 0 1 0 0 1 0 0 0]"
23,0.9873487125658095,"[1 1 1 1 1 1 1 1 1 0 1 0 1 1 0 0 1 0 0 1 1 1 0 0 1 1 0 1 1 0 0 0 1 1 0 1 1 0 1 0]"
23,0.968204432825967,"[1 1 1 1 1 1 1 1 0 0 1 0 1 1 0 0 1 0 0 1 0 1 0 0 1 1 1 0 1 0 0 0 1 1 0 0 1 1 0 0]"
23,0.9865900127049947,"[1 1 1 1 1 1 1 1 1 0 1 0 0 1 1 1 1 0 0 1 0 1 0 0 1 1 0 1 1 0 0 0 0 1 0 0 1 0 0 0]"
23,0.9753466292720407,"[1 1 1 1 1 1 1 1 0 1 0 1 1 1 0 0 1 0 0 1 1 1 0 0 0 1 0 1 1 0 0 0 1 1 0 1 1 1 0 0]"
23,0.9682090273261553,"[1 1 1 1 1 1 1 1 0 0 1 0 1 1 0 0 1 0 0 1 1 1 0 0 1 1 0 1 1 0 0 0 0 1 0 1 1 0 0 0]"
23,0.9970406854550437,"[1 1 1 1 1 1 1 1 1 1 1 0 1 1 0 0 1 0 0 1 0 1 0 0 0 1 1 1 1 0 0 0 0 1 0 0 1 1 0 0]"
23,0.970583157175841,"[1 1 1 1 1 1 1 1 0 0 1 1 1 1 0 0 1 0 0 1 1 1 0 0 1 1 1 1 1 0 0 0 1 1 0 1 1 0 1 0]"
23,0.9495449626864243,"[1 1 1 1 1 1 1 0 1 0 1 0 1 1 0 1 1 0 0 1 0 1 0 0 1 1 0 0 1 0 1 0 1 1 0 1 1 1 0 0]"
23,0.9961278987906926,"[1 1 1 1 1 1 1 1 1 1 1 0 0 1 1 0 1 0 0 1 0 1 0 0 0 1 0 1 1 0 0 0 0 1 0 0 1 0 0 0]"
23,0.9961278987906926,"[1 1 1 1 1 1 1 1 1 1 1 0 0 1 1 0 1 0 0 1 0 1 0 0 0 1 0 1 1 0 0 0 0 1 0 0 1 0 0 0]"
23,0.9873440720630354,"[1 1 1 1 1 1 1 1 1 0 1 0 1 1 0 0 1 0 0 1 0 1 0 0 1 1 1 1 1 0 0 0 1 1 0 0 1 1 0 0]"
23,0.9961278987906926,"[1 1 1 1 1 1 1 1 1 1 1 0 0 1 1 0 1 0 0 1 0 1 0 0 0 1 0 1 1 0 0 0 0 1 0 0 1 0 0 0]"
23,0.9899114681078464,"[1 1 1 1 1 1 1 1 1 0 1 1 1 1 0 1 1 0 0 1 0 1 0 0 1 1 1 0 1 0 1 0 1 1 0 1 1 0 0 0]"
23,0.9518778671640772,"[1 1 1 1 1 1 1 0 1 0 1 1 1 1 0 1 1 0 0 1 0 1 0 0 1 1 1 0 1 0 1 0 1 1 0 1 1 1 0 0]"
23,0.9973450529293818,"[1 1 1 1 1 1 1 1 1 1 1 0 1 1 1 0 1 0 0 1 0 1 0 0 0 1 1 0 1 0 0 0 0 1 0 0 1 0 0 0]"
23,0.9973450529293818,"[1 1 1 1 1 1 1 1 1 1 1 0 1 1 1 0 1 0 0 1 0 1 0 0 0 1 1 0 1 0 0 0 0 1 0 0 1 0 0 0]"
23,0.9682090284569463,"[1 1 1 1 1 1 1 1 0 0 1 0 1 1 0 0 1 0 0 1 1 1 0 0 1 1 0 1 1 0 0 0 1 1 0 1 1 0 0 0]"
23,0.9873440721709309,"[1 1 1 1 1 1 1 1 1 0 1 0 1 1 0 0 1 0 0 1 0 1 0 0 1 1 1 1 1 0 0 0 1 1 0 1 1 0 0 0]"
23,0.9658355782359376,"[1 1 1 1 1 1 1 1 0 0 0 1 1 1 0 0 1 0 0 1 0 1 0 0 1 1 0 1 1 0 0 0 1 1 0 0 1 1 1 0]"
23,0.99613265069701,"[1 1 1 1 1 1 1 1 1 1 1 0 0 1 1 0 1 0 0 1 1 1 0 0 0 1 0 1 1 0 0 0 0 1 0 1 1 0 0 0]"
23,0.9961278987906926,"[1 1 1 1 1 1 1 1 1 1 1 0 0 1 1 0 1 0 0 1 0 1 0 0 0 1 0 1 1 0 0 0 0 1 0 0 1 0 0 0]"
23,0.9682043966231404,"[1 1 1 1 1 1 1 1 0 0 1 0 1 1 0 0 1 0 0 1 0 1 0 0 1 1 0 1 1 0 0 0 1 1 0 0 1 0 1 0]"
23,0.9873440721709309,"[1 1 1 1 1 1 1 1 1 0 1 0 1 1 0 0 1 0 0 1 0 1 0 0 1 1 1 1 1 0 0 0 1 1 0 1 1 0 0 0]"
23,0.9518778671640772,"[1 1 1 1 1 1 1 0 1 0 1 1 1 1 0 1 1 0 0 1 0 1 0 0 1 1 1 0 1 0 1 0 1 1 0 1 1 1 0 0]"
23,0.968209028474615,"[1 1 1 1 1 1 1 1 0 0 1 0 1 1 0 0 1 0 0 1 1 1 0 0 1 1 0 1 1 0 0 0 1 1 0 1 1 0 1 0]"
23,0.9971979322132756,"[1 1 1 1 1 1 1 1 1 1 1 0 1 1 0 1 1 0 0 1 1 1 0 0 1 1 1 1 1 0 0 0 1 1 0 1 1 0 0 0]"
23,0.9682090284569463,"[1 1 1 1 1 1 1 1 0 0 1 0 1 1 0 0 1 0 0 1 1 1 0 0 1 1 0 1 1 0 0 0 1 1 0 1 1 0 0 0]"
23,0.9873440720630354,"[1 1 1 1 1 1 1 1 1 0 1 0 1 1 0 0 1 0 0 1 0 1 0 0 1 1 1 1 1 0 0 0 1 1 0 0 1 1 0 0]"
23,0.9682090272201437,"[1 1 1 1 1 1 1 1 0 0 1 0 1 1 0 0 1 0 0 1 1 1 0 0 1 1 0 1 1 0 0 0 0 1 0 0 1 1 0 0]"
23,0.9899114681078464,"[1 1 1 1 1 1 1 1 1 0 1 1 1 1 0 1 1 0 0 1 0 1 0 0 1 1 1 0 1 0 1 0 1 1 0 1 1 0 0 0]"
23,0.968209027343824,"[1 1 1 1 1 1 1 1 0 0 1 0 1 1 0 0 1 0 0 1 1 1 0 0 1 1 0 1 1 0 0 0 0 1 0 1 1 0 1 0]"
23,0.9973450529293818,"[1 1 1 1 1 1 1 1 1 1 1 0 1 1 1 0 1 0 0 1 0 1 0 0 0 1 1 0 1 0 0 0 0 1 0 0 1 0 0 0]"
23,0.9961278987906926,"[1 1 1 1 1 1 1 1 1 1 1 0 0 1 1 0 1 0 0 1 0 1 0 0 0 1 0 1 1 0 0 0 0 1 0 0 1 0 0 0]"
23,0.9961278987906926,"[1 1 1 1 1 1 1 1 1 1 1 0 0 1 1 0 1 0 0 1 0 1 0 0 0 1 0 1 1 0 0 0 0 1 0 0 1 0 0 0]"
23,0.9961278987906926,"[1 1 1 1 1 1 1 1 1 1 1 0 0 1 1 0 1 0 0 1 0 1 0 0 0 1 0 1 1 0 0 0 0 1 0 0 1 0 0 0]"
23,0.9683573251015392,"[1 1 1 1 1 1 1 1 0 0 1 0 1 1 0 1 1 0 0 1 1 1 0 0 1 1 1 1 1 0 0 0 0 1 1 0 1 0 0 0]"
23,0.9970457396355306,"[1 1 1 1 1 1 1 1 1 1 1 0 1 1 0 0 1 0 0 1 1 1 0 0 1 1 1 1 1 0 0 0 1 1 0 1 1 0 0 0]"
23,0.9659880987012713,"[1 1 1 1 1 1 1 1 0 0 0 1 1 1 0 1 1 0 0 1 1 1 0 0 1 1 0 1 1 0 0 0 1 1 0 1 1 1 0 0]"
23,0.9873487125478269,"[1 1 1 1 1 1 1 1 1 0 1 0 1 1 0 0 1 0 0 1 1 1 0 0 1 1 0 1 1 0 0 0 1 1 0 1 1 0 0 0]"
23,0.9801318632660461,"[1 1 1 1 1 1 1 1 0 1 1 1 1 1 0 0 1 0 0 1 1 1 0 0 1 1 1 1 1 0 0 0 1 1 0 1 1 0 0 0]"
24,0.9973450529293818,"[1 1 1 1 1 1 1 1 1 1 1 0 1 1 1 0 1 0 0 1 0 1 0 0 0 1 1 0 1 0 0 0 0 1 0 0 1 0 0 0]"
24,0.9899114681078464,"[1 1 1 1 1 1 1 1 1 0 1 1 1 1 0 1 1 0 0 1 0 1 0 0 1 1 1 0 1 0 1 0 1 1 0 1 1 0 0 0]"
24,0.9970406854550437,"[1 1 1 1 1 1 1 1 1 1 1 0 1 1 0 0 1 0 0 1 0 1 0 0 0 1 1 1 1 0 0 0 0 1 0 0 1 1 0 0]"
24,0.9961278987906926,"[1 1 1 1 1 1 1 1 1 1 1 0 0 1 1 0 1 0 0 1 0 1 0 0 0 1 0 1 1 0 0 0 0 1 0 0 1 0 0 0]"
24,0.9961278987906926,"[1 1 1 1 1 1 1 1 1 1 1 0 0 1 1 0 1 0 0 1 0 1 0 0 0 1 0 1 1 0 0 0 0 1 0 0 1 0 0 0]"
24,0.9971979322132756,"[1 1 1 1 1 1 1 1 1 1 1 0 1 1 0 1 1 0 0 1 1 1 0 0 1 1 1 1 1 0 0 0 1 1 0 1 1 0 0 0]"
24,0.9973450900932596,"[1 1 1 1 1 1 1 1 1 1 1 0 1 1 1 0 1 0 0 1 0 1 0 0 0 1 1 1 1 0 0 0 0 1 0 0 1 0 0 0]"
24,0.9873440352347259,"[1 1 1 1 1 1 1 1 1 0 1 0 1 1 0 0 1 0 0 1 0 1 0 0 1 1 1 0 1 0 0 0 1 1 0 0 1 1 0 0]"
24,0.9973450900932596,"[1 1 1 1 1 1 1 1 1 1 1 0 1 1 1 0 1 0 0 1 0 1 0 0 0 1 1 1 1 0 0 0 0 1 0 0 1 0 0 0]"
24,0.9864392780191422,"[1 1 1 1 1 1 1 1 1 0 1 0 0 1 1 0 1 0 0 1 0 1 0 0 1 1 0 1 1 0 0 0 0 1 0 0 1 0 1 0]"
24,0.9961278987906926,"[1 1 1 1 1 1 1 1 1 1 1 0 0 1 1 0 1 0 0 1 0 1 0 0 0 1 0 1 1 0 0 0 0 1 0 0 1 0 0 0]"
24,0.9961278987906926,"[1 1 1 1 1 1 1 1 1 1 1 0 0 1 1 0 1 0 0 1 0 1 0 0 0 1 0 1 1 0 0 0 0 1 0 0 1 0 0 0]"
24,0.9873440721709309,"[1 1 1 1 1 1 1 1 1 0 1 0 1 1 0 0 1 0 0 1 0 1 0 0 1 1 1 1 1 0 0 0 1 1 0 1 1 0 0 0]"
24,0.9961278987906926,"[1 1 1 1 1 1 1 1 1 1 1 0 0 1 1 0 1 0 0 1 0 1 0 0 0 1 0 1 1 0 0 0 0 1 0 0 1 0 0 0]"
24,0.9682044691171375,"[1 1 1 1 1 1 1 1 0 0 1 0 1 1 0 0 1 0 0 1 0 1 0 0 1 1 1 1 1 0 0 0 1 1 0 1 1 0 0 0]"
24,0.9994832567710873,"[1 1 1 1 1 1 1 1 1 1 1 1 1 1 0 0 1 0 0 1 1 1 0 0 1 1 0 1 1 0 0 0 1 1 0 1 1 0 0 0]"
24,0.9971978578953917,"[1 1 1 1 1 1 1 1 1 1 1 0 1 1 0 1 1 0 0 1 1 1 0 0 1 1 0 1 1 0 0 0 1 1 0 1 1 0 0 0]"
24,0.9961279730368061,"[1 1 1 1 1 1 1 1 1 1 1 0 0 1 1 0 1 0 0 1 0 1 0 0 0 1 1 1 1 0 0 0 0 1 0 0 1 0 0 0]"
24,0.9970409839543409,"[1 1 1 1 1 1 1 1 1 1 1 0 1 1 0 0 1 0 0 1 0 1 0 0 1 1 1 1 1 0 0 0 1 1 0 1 1 0 0 0]"
24,0.9975020442655764,"[1 1 1 1 1 1 1 1 1 1 1 0 1 1 1 1 1 0 0 1 1 1 0 0 0 1 1 0 1 0 0 0 0 1 0 0 1 0 0 0]"
24,0.9973450529293818,"[1 1 1 1 1 1 1 1 1 1 1 0 1 1 1 0 1 0 0 1 0 1 0 0 0 1 1 0 1 0 0 0 0 1 0 0 1 0 0 0]"
24,0.9973450529293818,"[1 1 1 1 1 1 1 1 1 1 1 0 1 1 1 0 1 0 0 1 0 1 0 0 0 1 1 0 1 0 0 0 0 1 0 0 1 0 0 0]"
24,0.9961278987906926,"[1 1 1 1 1 1 1 1 1 1 1 0 0 1 1 0 1 0 0 1 0 1 0 0 0 1 0 1 1 0 0 0 0 1 0 0 1 0 0 0]"
24,0.9973450529293818,"[1 1 1 1 1 1 1 1 1 1 1 0 1 1 1 0 1 0 0 1 0 1 0 0 0 1 1 0 1 0 0 0 0 1 0 0 1 0 0 0]"
24,0.9961278987906926,"[1 1 1 1 1 1 1 1 1 1 1 0 0 1 1 0 1 0 0 1 0 1 0 0 0 1 0 1 1 0 0 0 0 1 0 0 1 0 0 0]"
24,0.9876458098987937,"[1 1 1 1 1 1 1 1 1 0 1 0 1 1 1 0 1 0 0 1 0 1 0 0 1 1 1 1 1 0 0 0 0 1 0 0 1 0 1 0]"
24,0.9961278987906926,"[1 1 1 1 1 1 1 1 1 1 1 0 0 1 1 0 1 0 0 1 0 1 0 0 0 1 0 1 1 0 0 0 0 1 0 0 1 0 0 0]"
24,0.9801317900938381,"[1 1 1 1 1 1 1 1 0 1 1 1 1 1 0 0 1 0 0 1 1 1 0 0 1 1 0 1 1 0 0 0 1 1 0 1 1 0 0 0]"
24,0.9865900127049947,"[1 1 1 1 1 1 1 1 1 0 1 0 0 1 1 1 1 0 0 1 0 1 0 0 1 1 0 1 1 0 0 0 0 1 0 0 1 0 0 0]"
24,0.9899114681078464,"[1 1 1 1 1 1 1 1 1 0 1 1 1 1 0 1 1 0 0 1 0 1 0 0 1 1 1 0 1 0 1 0 1 1 0 1 1 0 0 0]"
24,0.9961278987906926,"[1 1 1 1 1 1 1 1 1 1 1 0 0 1 1 0 1 0 0 1 0 1 0 0 0 1 0 1 1 0 0 0 0 1 0 0 1 0 0 0]"
24,0.9973450529293818,"[1 1 1 1 1 1 1 1 1 1 1 0 1 1 1 0 1 0 0 1 0 1 0 0 0 1 1 0 1 0 0 0 0 1 0 0 1 0 0 0]"
24,0.9970457396355306,"[1 1 1 1 1 1 1 1 1 1 1 0 1 1 0 0 1 0 0 1 1 1 0 0 1 1 1 1 1 0 0 0 1 1 0 1 1 0 0 0]"
24,0.9961278987906926,"[1 1 1 1 1 1 1 1 1 1 1 0 0 1 1 0 1 0 0 1 0 1 0 0 0 1 0 1 1 0 0 0 0 1 0 0 1 0 0 0]"
24,0.9973450529293818,"[1 1 1 1 1 1 1 1 1 1 1 0 1 1 1 0 1 0 0 1 0 1 0 0 0 1 1 0 1 0 0 0 0 1 0 0 1 0 0 0]"
24,0.9961278987906926,"[1 1 1 1 1 1 1 1 1 1 1 0 0 1 1 0 1 0 0 1 0 1 0 0 0 1 0 1 1 0 0 0 0 1 0 0 1 0 0 0]"
24,0.9753467021226554,"[1 1 1 1 1 1 1 1 0 1 0 1 1 1 0 0 1 0 0 1 1 1 0 0 0 1 1 1 1 0 0 0 1 1 0 1 1 1 0 0]"
24,0.9973449786016301,"[1 1 1 1 1 1 1 1 1 1 1 0 1 1 1 0 1 0 0 1 0 1 0 0 0 1 0 0 1 0 0 0 0 1 0 0 1 0 0 0]"
24,0.9753419668428891,"[1 1 1 1 1 1 1 1 0 1 0 1 1 1 0 0 1 0 0 1 0 1 0 0 0 1 0 1 1 0 0 0 1 1 0 1 1 1 0 0]"
24,0.9873487862047612,"[1 1 1 1 1 1 1 1 1 0 1 0 1 1 0 0 1 0 0 1 1 1 0 0 1 1 1 1 1 0 0 0 1 1 0 1 1 0 0 0]"
24,0.9973450529293818,"[1 1 1 1 1 1 1 1 1 1 1 0 1 1 1 0 1 0 0 1 0 1 0 0 0 1 1 0 1 0 0 0 0 1 0 0 1 0 0 0]"
24,0.9961278987906926,"[1 1 1 1 1 1 1 1 1 1 1 0 0 1 1 0 1 0 0 1 0 1 0 0 0 1 0 1 1 0 0 0 0 1 0 0 1 0 0 0]"
24,0.9801318632660461,"[1 1 1 1 1 1 1 1 0 1 1 1 1 1 0 0 1 0 0 1 1 1 0 0 1 1 1 1 1 0 0 0 1 1 0 1 1 0 0 0]"
24,0.9973450529293818,"[1 1 1 1 1 1 1 1 1 1 1 0 1 1 1 0 1 0 0 1 0 1 0 0 0 1 1 0 1 0 0 0 0 1 0 0 1 0 0 0]"
24,0.9961278987906926,"[1 1 1 1 1 1 1 1 1 1 1 0 0 1 1 0 1 0 0 1 0 1 0 0 0 1 0 1 1 0 0 0 0 1 0 0 1 0 0 0]"
24,0.9961278987906926,"[1 1 1 1 1 1 1 1 1 1 1 0 0 1 1 0 1 0 0 1 0 1 0 0 0 1 0 1 1 0 0 0 0 1 0 0 1 0 0 0]"
24,0.968204432825967,"[1 1 1 1 1 1 1 1 0 0 1 0 1 1 0 0 1 0 0 1 0 1 0 0 1 1 1 0 1 0 0 0 1 1 0 0 1 1 0 0]"
24,0.9970406854550437,"[1 1 1 1 1 1 1 1 1 1 1 0 1 1 0 0 1 0 0 1 0 1 0 0 0 1 1 1 1 0 0 0 0 1 0 0 1 1 0 0]"
24,0.9801317900938381,"[1 1 1 1 1 1 1 1 0 1 1 1 1 1 0 0 1 0 0 1 1 1 0 0 1 1 0 1 1 0 0 0 1 1 0 1 1 0 0 0]"
24,0.9777367210357754,"[1 1 1 1 1 1 1 1 0 1 1 0 1 1 0 0 1 0 0 1 1 1 0 0 1 1 0 1 1 0 0 0 1 1 0 1 1 0 0 0]"
25,0.9973450529293818,"[1 1 1 1 1 1 1 1 1 1 1 0 1 1 1 0 1 0 0 1 0 1 0 0 0 1 1 0 1 0 0 0 0 1 0 0 1 0 0 0]"
25,0.9973450529293818,"[1 1 1 1 1 1 1 1 1 1 1 0 1 1 1 0 1 0 0 1 0 1 0 0 0 1 1 0 1 0 0 0 0 1 0 0 1 0 0 0]"
25,0.9973450900932596,"[1 1 1 1 1 1 1 1 1 1 1 0 1 1 1 0 1 0 0 1 0 1 0 0 0 1 1 1 1 0 0 0 0 1 0 0 1 0 0 0]"
25,0.9994832567710873,"[1 1 1 1 1 1 1 1 1 1 1 1 1 1 0 0 1 0 0 1 1 1 0 0 1 1 0 1 1 0 0 0 1 1 0 1 1 0 0 0]"
25,0.9899162300870217,"[1 1 1 1 1 1 1 1 1 0 1 1 1 1 0 1 1 0 0 1 1 1 0 0 1 1 1 1 1 0 1 0 1 1 0 1 1 0 0 0]"
25,0.9971931387199763,"[1 1 1 1 1 1 1 1 1 1 1 0 1 1 0 1 1 0 0 1 0 1 0 0 1 1 1 0 1 0 0 0 1 1 0 1 1 0 0 0]"
25,0.9973450529293818,"[1 1 1 1 1 1 1 1 1 1 1 0 1 1 1 0 1 0 0 1 0 1 0 0 0 1 1 0 1 0 0 0 0 1 0 0 1 0 0 0]"
25,0.9973450529293818,"[1 1 1 1 1 1 1 1 1 1 1 0 1 1 1 0 1 0 0 1 0 1 0 0 0 1 1 0 1 0 0 0 0 1 0 0 1 0 0 0]"
25,0.9971979322132756,"[1 1 1 1 1 1 1 1 1 1 1 0 1 1 0 1 1 0 0 1 1 1 0 0 1 1 1 1 1 0 0 0 1 1 0 1 1 0 0 0]"
25,0.9973450529293818,"[1 1 1 1 1 1 1 1 1 1 1 0 1 1 1 0 1 0 0 1 0 1 0 0 0 1 1 0 1 0 0 0 0 1 0 0 1 0 0 0]"
25,0.9971978578953917,"[1 1 1 1 1 1 1 1 1 1 1 0 1 1 0 1 1 0 0 1 1 1 0 0 1 1 0 1 1 0 0 0 1 1 0 1 1 0 0 0]"
25,0.9970406854550437,"[1 1 1 1 1 1 1 1 1 1 1 0 1 1 0 0 1 0 0 1 0 1 0 0 0 1 1 1 1 0 0 0 0 1 0 0 1 1 0 0]"
25,0.9973449786016301,"[1 1 1 1 1 1 1 1 1 1 1 0 1 1 1 0 1 0 0 1 0 1 0 0 0 1 0 0 1 0 0 0 0 1 0 0 1 0 0 0]"
25,0.9961279730368061,"[1 1 1 1 1 1 1 1 1 1 1 0 0 1 1 0 1 0 0 1 0 1 0 0 0 1 1 1 1 0 0 0 0 1 0 0 1 0 0 0]"
25,0.9973450529293818,"[1 1 1 1 1 1 1 1 1 1 1 0 1 1 1 0 1 0 0 1 0 1 0 0 0 1 1 0 1 0 0 0 0 1 0 0 1 0 0 0]"
25,0.9975020442655764,"[1 1 1 1 1 1 1 1 1 1 1 0 1 1 1 1 1 0 0 1 1 1 0 0 0 1 1 0 1 0 0 0 0 1 0 0 1 0 0 0]"
25,0.9961278987906926,"[1 1 1 1 1 1 1 1 1 1 1 0 0 1 1 0 1 0 0 1 0 1 0 0 0 1 0 1 1 0 0 0 0 1 0 0 1 0 0 0]"
25,0.9970406854550437,"[1 1 1 1 1 1 1 1 1 1 1 0 1 1 0 0 1 0 0 1 0 1 0 0 0 1 1 1 1 0 0 0 0 1 0 0 1 1 0 0]"
25,0.9973450900932596,"[1 1 1 1 1 1 1 1 1 1 1 0 1 1 1 0 1 0 0 1 0 1 0 0 0 1 1 1 1 0 0 0 0 1 0 0 1 0 0 0]"
25,0.9970457396355306,"[1 1 1 1 1 1 1 1 1 1 1 0 1 1 0 0 1 0 0 1 1 1 0 0 1 1 1 1 1 0 0 0 1 1 0 1 1 0 0 0]"
25,0.9958238284962379,"[1 1 1 1 1 1 1 1 1 1 1 0 0 1 0 0 1 0 0 1 0 1 0 0 0 1 0 1 1 0 0 0 0 1 0 0 1 0 0 0]"
25,0.9876458111759076,"[1 1 1 1 1 1 1 1 1 0 1 0 1 1 1 0 1 0 0 1 0 1 0 0 1 1 1 1 1 0 0 0 1 1 0 1 1 0 0 0]"
25,0.9899114681078464,"[1 1 1 1 1 1 1 1 1 0 1 1 1 1 0 1 1 0 0 1 0 1 0 0 1 1 1 0 1 0 1 0 1 1 0 1 1 0 0 0]"
25,0.9961278987906926,"[1 1 1 1 1 1 1 1 1 1 1 0 0 1 1 0 1 0 0 1 0 1 0 0 0 1 0 1 1 0 0 0 0 1 0 0 1 0 0 0]"
25,0.9961278987906926,"[1 1 1 1 1 1 1 1 1 1 1 0 0 1 1 0 1 0 0 1 0 1 0 0 0 1 0 1 1 0 0 0 0 1 0 0 1 0 0 0]"
25,0.9961278987906926,"[1 1 1 1 1 1 1 1 1 1 1 0 0 1 1 0 1 0 0 1 0 1 0 0 0 1 0 1 1 0 0 0 0 1 0 0 1 0 0 0]"
25,0.9973450529293818,"[1 1 1 1 1 1 1 1 1 1 1 0 1 1 1 0 1 0 0 1 0 1 0 0 0 1 1 0 1 0 0 0 0 1 0 0 1 0 0 0]"
25,0.9973450529293818,"[1 1 1 1 1 1 1 1 1 1 1 0 1 1 1 0 1 0 0 1 0 1 0 0 0 1 1 0 1 0 0 0 0 1 0 0 1 0 0 0]"
25,0.9970406854550437,"[1 1 1 1 1 1 1 1 1 1 1 0 1 1 0 0 1 0 0 1 0 1 0 0 0 1 1 1 1 0 0 0 0 1 0 0 1 1 0 0]"
25,0.9961278987906926,"[1 1 1 1 1 1 1 1 1 1 1 0 0 1 1 0 1 0 0 1 0 1 0 0 0 1 0 1 1 0 0 0 0 1 0 0 1 0 0 0]"
25,0.9973450900932596,"[1 1 1 1 1 1 1 1 1 1 1 0 1 1 1 0 1 0 0 1 0 1 0 0 0 1 1 1 1 0 0 0 0 1 0 0 1 0 0 0]"
25,0.9865900127049947,"[1 1 1 1 1 1 1 1 1 0 1 0 0 1 1 1 1 0 0 1 0 1 0 0 1 1 0 1 1 0 0 0 0 1 0 0 1 0 0 0]"
25,0.9973450529293818,"[1 1 1 1 1 1 1 1 1 1 1 0 1 1 1 0 1 0 0 1 0 1 0 0 0 1 1 0 1 0 0 0 0 1 0 0 1 0 0 0]"
25,0.9973449786016301,"[1 1 1 1 1 1 1 1 1 1 1 0 1 1 1 0 1 0 0 1 0 1 0 0 0 1 0 0 1 0 0 0 0 1 0 0 1 0 0 0]"
25,0.9973450900932596,"[1 1 1 1 1 1 1 1 1 1 1 0 1 1 1 0 1 0 0 1 0 1 0 0 0 1 1 1 1 0 0 0 0 1 0 0 1 0 0 0]"
25,0.9975020442655764,"[1 1 1 1 1 1 1 1 1 1 1 0 1 1 1 1 1 0 0 1 1 1 0 0 0 1 1 0 1 0 0 0 0 1 0 0 1 0 0 0]"
25,0.9994832567710873,"[1 1 1 1 1 1 1 1 1 1 1 1 1 1 0 0 1 0 0 1 1 1 0 0 1 1 0 1 1 0 0 0 1 1 0 1 1 0 0 0]"
25,0.9973449786016301,"[1 1 1 1 1 1 1 1 1 1 1 0 1 1 1 0 1 0 0 1 0 1 0 0 0 1 0 0 1 0 0 0 0 1 0 0 1 0 0 0]"
25,0.9865900127049947,"[1 1 1 1 1 1 1 1 1 0 1 0 0 1 1 1 1 0 0 1 0 1 0 0 1 1 0 1 1 0 0 0 0 1 0 0 1 0 0 0]"
25,0.9970457396355306,"[1 1 1 1 1 1 1 1 1 1 1 0 1 1 0 0 1 0 0 1 1 1 0 0 1 1 1 1 1 0 0 0 1 1 0 1 1 0 0 0]"
25,0.9753467021226554,"[1 1 1 1 1 1 1 1 0 1 0 1 1 1 0 0 1 0 0 1 1 1 0 0 0 1 1 1 1 0 0 0 1 1 0 1 1 1 0 0]"
25,0.9961278987906926,"[1 1 1 1 1 1 1 1 1 1 1 0 0 1 1 0 1 0 0 1 0 1 0 0 0 1 0 1 1 0 0 0 0 1 0 0 1 0 0 0]"
25,0.9961279730368061,"[1 1 1 1 1 1 1 1 1 1 1 0 0 1 1 0 1 0 0 1 0 1 0 0 0 1 1 1 1 0 0 0 0 1 0 0 1 0 0 0]"
25,0.9961278987906926,"[1 1 1 1 1 1 1 1 1 1 1 0 0 1 1 0 1 0 0 1 0 1 0 0 0 1 0 1 1 0 0 0 0 1 0 0 1 0 0 0]"
25,0.9961278987906926,"[1 1 1 1 1 1 1 1 1 1 1 0 0 1 1 0 1 0 0 1 0 1 0 0 0 1 0 1 1 0 0 0 0 1 0 0 1 0 0 0]"
25,0.9971978578953917,"[1 1 1 1 1 1 1 1 1 1 1 0 1 1 0 1 1 0 0 1 1 1 0 0 1 1 0 1 1 0 0 0 1 1 0 1 1 0 0 0]"
25,0.9961278987906926,"[1 1 1 1 1 1 1 1 1 1 1 0 0 1 1 0 1 0 0 1 0 1 0 0 0 1 0 1 1 0 0 0 0 1 0 0 1 0 0 0]"
25,0.9961278987906926,"[1 1 1 1 1 1 1 1 1 1 1 0 0 1 1 0 1 0 0 1 0 1 0 0 0 1 0 1 1 0 0 0 0 1 0 0 1 0 0 0]"
25,0.9961278987906926,"[1 1 1 1 1 1 1 1 1 1 1 0 0 1 1 0 1 0 0 1 0 1 0 0 0 1 0 1 1 0 0 0 0 1 0 0 1 0 0 0]"
25,0.9961278987906926,"[1 1 1 1 1 1 1 1 1 1 1 0 0 1 1 0 1 0 0 1 0 1 0 0 0 1 0 1 1 0 0 0 0 1 0 0 1 0 0 0]"
26,0.9970406482650919,"[1 1 1 1 1 1 1 1 1 1 1 0 1 1 0 0 1 0 0 1 0 1 0 0 0 1 1 0 1 0 0 0 0 1 0 0 1 0 0 0]"
26,0.9973450901295524,"[1 1 1 1 1 1 1 1 1 1 1 0 1 1 1 0 1 0 0 1 0 1 0 0 0 1 1 1 1 0 0 0 0 1 0 0 1 1 0 0]"
26,0.9971979322132756,"[1 1 1 1 1 1 1 1 1 1 1 0 1 1 0 1 1 0 0 1 1 1 0 0 1 1 1 1 1 0 0 0 1 1 0 1 1 0 0 0]"
26,0.9971978578953917,"[1 1 1 1 1 1 1 1 1 1 1 0 1 1 0 1 1 0 0 1 1 1 0 0 1 1 0 1 1 0 0 0 1 1 0 1 1 0 0 0]"
26,0.9973450529293818,"[1 1 1 1 1 1 1 1 1 1 1 0 1 1 1 0 1 0 0 1 0 1 0 0 0 1 1 0 1 0 0 0 0 1 0 0 1 0 0 0]"
26,0.9973450529293818,"[1 1 1 1 1 1 1 1 1 1 1 0 1 1 1 0 1 0 0 1 0 1 0 0 0 1 1 0 1 0 0 0 0 1 0 0 1 0 0 0]"
26,0.9973450529293818,"[1 1 1 1 1 1 1 1 1 1 1 0 1 1 1 0 1 0 0 1 0 1 0 0 0 1 1 0 1 0 0 0 0 1 0 0 1 0 0 0]"
26,0.9975020814347191,"[1 1 1 1 1 1 1 1 1 1 1 0 1 1 1 1 1 0 0 1 1 1 0 0 0 1 1 1 1 0 0 0 0 1 0 0 1 0 0 0]"
26,0.9974972866256089,"[1 1 1 1 1 1 1 1 1 1 1 0 1 1 1 1 1 0 0 1 0 1 0 0 0 1 1 0 1 0 0 0 0 1 0 0 1 0 0 0]"
26,0.9973498099158632,"[1 1 1 1 1 1 1 1 1 1 1 0 1 1 1 0 1 0 0 1 1 1 0 0 0 1 1 0 1 0 0 0 0 1 0 0 1 0 0 0]"
26,0.9970457396355306,"[1 1 1 1 1 1 1 1 1 1 1 0 1 1 0 0 1 0 0 1 1 1 0 0 1 1 1 1 1 0 0 0 1 1 0 1 1 0 0 0]"
26,0.9973450529293818,"[1 1 1 1 1 1 1 1 1 1 1 0 1 1 1 0 1 0 0 1 0 1 0 0 0 1 1 0 1 0 0 0 0 1 0 0 1 0 0 0]"
26,0.9994832567710873,"[1 1 1 1 1 1 1 1 1 1 1 1 1 1 0 0 1 0 0 1 1 1 0 0 1 1 0 1 1 0 0 0 1 1 0 1 1 0 0 0]"
26,0.9994832567710873,"[1 1 1 1 1 1 1 1 1 1 1 1 1 1 0 0 1 0 0 1 1 1 0 0 1 1 0 1 1 0 0 0 1 1 0 1 1 0 0 0]"
26,0.9973450169268765,"[1 1 1 1 1 1 1 1 1 1 1 0 1 1 1 0 1 0 0 1 0 1 0 0 0 1 0 1 1 0 0 0 1 1 0 0 1 0 0 0]"
26,0.9994832183718988,"[1 1 1 1 1 1 1 1 1 1 1 1 1 1 0 0 1 0 0 1 1 1 0 0 1 1 0 0 1 0 0 0 0 1 0 1 1 0 0 0]"
26,0.9961278987906926,"[1 1 1 1 1 1 1 1 1 1 1 0 0 1 1 0 1 0 0 1 0 1 0 0 0 1 0 1 1 0 0 0 0 1 0 0 1 0 0 0]"
26,0.9970457396355306,"[1 1 1 1 1 1 1 1 1 1 1 0 1 1 0 0 1 0 0 1 1 1 0 0 1 1 1 1 1 0 0 0 1 1 0 1 1 0 0 0]"
26,0.9973450900932596,"[1 1 1 1 1 1 1 1 1 1 1 0 1 1 1 0 1 0 0 1 0 1 0 0 0 1 1 1 1 0 0 0 0 1 0 0 1 0 0 0]"
26,0.9975020442655764,"[1 1 1 1 1 1 1 1 1 1 1 0 1 1 1 1 1 0 0 1 1 1 0 0 0 1 1 0 1 0 0 0 0 1 0 0 1 0 0 0]"
26,0.9973450529293818,"[1 1 1 1 1 1 1 1 1 1 1 0 1 1 1 0 1 0 0 1 0 1 0 0 0 1 1 0 1 0 0 0 0 1 0 0 1 0 0 0]"
26,0.9973450529293818,"[1 1 1 1 1 1 1 1 1 1 1 0 1 1 1 0 1 0 0 1 0 1 0 0 0 1 1 0 1 0 0 0 0 1 0 0 1 0 0 0]"
26,0.9994832567710873,"[1 1 1 1 1 1 1 1 1 1 1 1 1 1 0 0 1 0 0 1 1 1 0 0 1 1 0 1 1 0 0 0 1 1 0 1 1 0 0 0]"
26,0.9994832567710873,"[1 1 1 1 1 1 1 1 1 1 1 1 1 1 0 0 1 0 0 1 1 1 0 0 1 1 0 1 1 0 0 0 1 1 0 1 1 0 0 0]"
26,0.9961278987906926,"[1 1 1 1 1 1 1 1 1 1 1 0 0 1 1 0 1 0 0 1 0 1 0 0 0 1 0 1 1 0 0 0 0 1 0 0 1 0 0 0]"
26,0.9973449786016301,"[1 1 1 1 1 1 1 1 1 1 1 0 1 1 1 0 1 0 0 1 0 1 0 0 0 1 0 0 1 0 0 0 0 1 0 0 1 0 0 0]"
26,0.9975020442655764,"[1 1 1 1 1 1 1 1 1 1 1 0 1 1 1 1 1 0 0 1 1 1 0 0 0 1 1 0 1 0 0 0 0 1 0 0 1 0 0 0]"
26,0.9973450900932596,"[1 1 1 1 1 1 1 1 1 1 1 0 1 1 1 0 1 0 0 1 0 1 0 0 0 1 1 1 1 0 0 0 0 1 0 0 1 0 0 0]"
26,0.9973450900932596,"[1 1 1 1 1 1 1 1 1 1 1 0 1 1 1 0 1 0 0 1 0 1 0 0 0 1 1 1 1 0 0 0 0 1 0 0 1 0 0 0]"
26,0.9994832567710873,"[1 1 1 1 1 1 1 1 1 1 1 1 1 1 0 0 1 0 0 1 1 1 0 0 1 1 0 1 1 0 0 0 1 1 0 1 1 0 0 0]"
26,0.997045665327855,"[1 1 1 1 1 1 1 1 1 1 1 0 1 1 0 0 1 0 0 1 1 1 0 0 1 1 0 1 1 0 0 0 1 1 0 1 1 0 0 0]"
26,0.9974972866256089,"[1 1 1 1 1 1 1 1 1 1 1 0 1 1 1 1 1 0 0 1 0 1 0 0 0 1 1 0 1 0 0 0 0 1 0 0 1 0 0 0]"
26,0.9973450900932596,"[1 1 1 1 1 1 1 1 1 1 1 0 1 1 1 0 1 0 0 1 0 1 0 0 0 1 1 1 1 0 0 0 0 1 0 0 1 0 0 0]"
26,0.9961278987906926,"[1 1 1 1 1 1 1 1 1 1 1 0 0 1 1 0 1 0 0 1 0 1 0 0 0 1 0 1 1 0 0 0 0 1 0 0 1 0 0 0]"
26,0.9973449786016301,"[1 1 1 1 1 1 1 1 1 1 1 0 1 1 1 0 1 0 0 1 0 1 0 0 0 1 0 0 1 0 0 0 0 1 0 0 1 0 0 0]"
26,0.9961278987906926,"[1 1 1 1 1 1 1 1 1 1 1 0 0 1 1 0 1 0 0 1 0 1 0 0 0 1 0 1 1 0 0 0 0 1 0 0 1 0 0 0]"
26,0.9973500713706988,"[1 1 1 1 1 1 1 1 1 1 1 0 1 1 1 0 1 0 0 1 1 1 0 0 1 1 0 1 1 0 0 0 1 1 0 1 1 0 0 0]"
26,0.9982588060442277,"[1 1 1 1 1 1 1 1 1 1 1 1 0 1 0 0 1 0 0 1 0 1 0 0 0 1 1 1 1 0 0 0 0 1 0 0 1 0 0 0]"
26,0.9971979310520587,"[1 1 1 1 1 1 1 1 1 1 1 0 1 1 0 1 1 0 0 1 1 1 0 0 1 1 1 1 1 0 0 0 0 1 0 1 1 0 0 0]"
26,0.9973450912546308,"[1 1 1 1 1 1 1 1 1 1 1 0 1 1 1 0 1 0 0 1 0 1 0 0 0 1 1 1 1 0 0 0 1 1 0 0 1 0 0 0]"
26,0.9975020442655764,"[1 1 1 1 1 1 1 1 1 1 1 0 1 1 1 1 1 0 0 1 1 1 0 0 0 1 1 0 1 0 0 0 0 1 0 0 1 0 0 0]"
26,0.9973450900932596,"[1 1 1 1 1 1 1 1 1 1 1 0 1 1 1 0 1 0 0 1 0 1 0 0 0 1 1 1 1 0 0 0 0 1 0 0 1 0 0 0]"
26,0.9970406854550437,"[1 1 1 1 1 1 1 1 1 1 1 0 1 1 0 0 1 0 0 1 0 1 0 0 0 1 1 1 1 0 0 0 0 1 0 0 1 1 0 0]"
26,0.9973450900932596,"[1 1 1 1 1 1 1 1 1 1 1 0 1 1 1 0 1 0 0 1 0 1 0 0 0 1 1 1 1 0 0 0 0 1 0 0 1 0 0 0]"
26,0.9970406866160958,"[1 1 1 1 1 1 1 1 1 1 1 0 1 1 0 0 1 0 0 1 0 1 0 0 0 1 1 1 1 0 0 0 1 1 0 0 1 1 0 0]"
26,0.9971931375587643,"[1 1 1 1 1 1 1 1 1 1 1 0 1 1 0 1 1 0 0 1 0 1 0 0 1 1 1 0 1 0 0 0 0 1 0 1 1 0 0 0]"
26,0.9973450529293818,"[1 1 1 1 1 1 1 1 1 1 1 0 1 1 1 0 1 0 0 1 0 1 0 0 0 1 1 0 1 0 0 0 0 1 0 0 1 0 0 0]"
26,0.9994832567710873,"[1 1 1 1 1 1 1 1 1 1 1 1 1 1 0 0 1 0 0 1 1 1 0 0 1 1 0 1 1 0 0 0 1 1 0 1 1 0 0 0]"
26,0.9971978578953917,"[1 1 1 1 1 1 1 1 1 1 1 0 1 1 0 1 1 0 0 1 1 1 0 0 1 1 0 1 1 0 0 0 1 1 0 1 1 0 0 0]"
26,0.9970457396355306,"[1 1 1 1 1 1 1 1 1 1 1 0 1 1 0 0 1 0 0 1 1 1 0 0 1 1 1 1 1 0 0 0 1 1 0 1 1 0 0 0]"
27,0.9973498099158632,"[1 1 1 1 1 1 1 1 1 1 1 0 1 1 1 0 1 0 0 1 1 1 0 0 0 1 1 0 1 0 0 0 0 1 0 0 1 0 0 0]"
27,0.9994832183718988,"[1 1 1 1 1 1 1 1 1 1 1 1 1 1 0 0 1 0 0 1 1 1 0 0 1 1 0 0 1 0 0 0 0 1 0 1 1 0 0 0]"
27,0.9974973239397834,"[1 1 1 1 1 1 1 1 1 1 1 0 1 1 1 1 1 0 0 1 0 1 0 0 0 1 1 1 1 0 0 0 0 1 0 1 1 0 0 0]"
27,0.9970456651827228,"[1 1 1 1 1 1 1 1 1 1 1 0 1 1 0 0 1 0 0 1 1 1 0 0 1 1 0 1 1 0 0 0 1 1 0 0 1 0 0 0]"
27,0.9994781926350228,"[1 1 1 1 1 1 1 1 1 1 1 1 1 1 0 0 1 0 0 1 0 1 0 0 0 1 0 1 1 0 0 0 1 1 0 0 1 1 0 0]"
27,0.9970457396355306,"[1 1 1 1 1 1 1 1 1 1 1 0 1 1 0 0 1 0 0 1 1 1 0 0 1 1 1 1 1 0 0 0 1 1 0 1 1 0 0 0]"
27,0.9971978578953917,"[1 1 1 1 1 1 1 1 1 1 1 0 1 1 0 1 1 0 0 1 1 1 0 0 1 1 0 1 1 0 0 0 1 1 0 1 1 0 0 0]"
27,0.9975020442655764,"[1 1 1 1 1 1 1 1 1 1 1 0 1 1 1 1 1 0 0 1 1 1 0 0 0 1 1 0 1 0 0 0 0 1 0 0 1 0 0 0]"
27,0.9975020442655764,"[1 1 1 1 1 1 1 1 1 1 1 0 1 1 1 1 1 0 0 1 1 1 0 0 0 1 1 0 1 0 0 0 0 1 0 0 1 0 0 0]"
27,0.9975020814347191,"[1 1 1 1 1 1 1 1 1 1 1 0 1 1 1 1 1 0 0 1 1 1 0 0 0 1 1 1 1 0 0 0 0 1 0 0 1 0 0 0]"
27,0.9994832567710873,"[1 1 1 1 1 1 1 1 1 1 1 1 1 1 0 0 1 0 0 1 1 1 0 0 1 1 0 1 1 0 0 0 1 1 0 1 1 0 0 0]"
27,0.9973450900932596,"[1 1 1 1 1 1 1 1 1 1 1 0 1 1 1 0 1 0 0 1 0 1 0 0 0 1 1 1 1 0 0 0 0 1 0 0 1 0 0 0]"
27,0.9975020442655764,"[1 1 1 1 1 1 1 1 1 1 1 0 1 1 1 1 1 0 0 1 1 1 0 0 0 1 1 0 1 0 0 0 0 1 0 0 1 0 0 0]"
27,0.9973500713706988,"[1 1 1 1 1 1 1 1 1 1 1 0 1 1 1 0 1 0 0 1 1 1 0 0 1 1 0 1 1 0 0 0 1 1 0 1 1 0 0 0]"
27,0.9994832567710873,"[1 1 1 1 1 1 1 1 1 1 1 1 1 1 0 0 1 0 0 1 1 1 0 0 1 1 0 1 1 0 0 0 1 1 0 1 1 0 0 0]"
27,0.9994832567710873,"[1 1 1 1 1 1 1 1 1 1 1 1 1 1 0 0 1 0 0 1 1 1 0 0 1 1 0 1 1 0 0 0 1 1 0 1 1 0 0 0]"
27,0.9975020442655764,"[1 1 1 1 1 1 1 1 1 1 1 0 1 1 1 1 1 0 0 1 1 1 0 0 0 1 1 0 1 0 0 0 0 1 0 0 1 0 0 0]"
27,0.9973449786016301,"[1 1 1 1 1 1 1 1 1 1 1 0 1 1 1 0 1 0 0 1 0 1 0 0 0 1 0 0 1 0 0 0 0 1 0 0 1 0 0 0]"
27,0.9971931015611945,"[1 1 1 1 1 1 1 1 1 1 1 0 1 1 0 1 1 0 0 1 0 1 0 0 1 1 0 1 1 0 0 0 1 1 0 1 1 0 0 0]"
27,0.9973498470799005,"[1 1 1 1 1 1 1 1 1 1 1 0 1 1 1 0 1 0 0 1 1 1 0 0 0 1 1 1 1 0 0 0 0 1 0 0 1 0 0 0]"
27,0.9994832183718988,"[1 1 1 1 1 1 1 1 1 1 1 1 1 1 0 0 1 0 0 1 1 1 0 0 1 1 0 0 1 0 0 0 0 1 0 1 1 0 0 0]"
27,0.9994832567710873,"[1 1 1 1 1 1 1 1 1 1 1 1 1 1 0 0 1 0 0 1 1 1 0 0 1 1 0 1 1 0 0 0 1 1 0 1 1 0 0 0]"
27,0.9994832567710873,"[1 1 1 1 1 1 1 1 1 1 1 1 1 1 0 0 1 0 0 1 1 1 0 0 1 1 0 1 1 0 0 0 1 1 0 1 1 0 0 0]"
27,0.9973450529293818,"[1 1 1 1 1 1 1 1 1 1 1 0 1 1 1 0 1 0 0 1 0 1 0 0 0 1 1 0 1 0 0 0 0 1 0 0 1 0 0 0]"
27,0.9994832567710873,"[1 1 1 1 1 1 1 1 1 1 1 1 1 1 0 0 1 0 0 1 1 1 0 0 1 1 0 1 1 0 0 0 1 1 0 1 1 0 0 0]"
27,0.9994832567710873,"[1 1 1 1 1 1 1 1 1 1 1 1 1 1 0 0 1 0 0 1 1 1 0 0 1 1 0 1 1 0 0 0 1 1 0 1 1 0 0 0]"
27,0.9971978950543331,"[1 1 1 1 1 1 1 1 1 1 1 0 1 1 0 1 1 0 0 1 1 1 0 0 1 1 1 0 1 0 0 0 1 1 0 1 1 0 0 0]"
27,0.9973450900932596,"[1 1 1 1 1 1 1 1 1 1 1 0 1 1 1 0 1 0 0 1 0 1 0 0 0 1 1 1 1 0 0 0 0 1 0 0 1 0 0 0]"
27,0.9994832183718988,"[1 1 1 1 1 1 1 1 1 1 1 1 1 1 0 0 1 0 0 1 1 1 0 0 1 1 0 0 1 0 0 0 0 1 0 1 1 0 0 0]"
27,0.9973450529293818,"[1 1 1 1 1 1 1 1 1 1 1 0 1 1 1 0 1 0 0 1 0 1 0 0 0 1 1 0 1 0 0 0 0 1 0 0 1 0 0 0]"
27,0.9994832567710873,"[1 1 1 1 1 1 1 1 1 1 1 1 1 1 0 0 1 0 0 1 1 1 0 0 1 1 0 1 1 0 0 0 1 1 0 1 1 0 0 0]"
27,0.9994832567710873,"[1 1 1 1 1 1 1 1 1 1 1 1 1 1 0 0 1 0 0 1 1 1 0 0 1 1 0 1 1 0 0 0 1 1 0 1 1 0 0 0]"
27,0.9973450901295524,"[1 1 1 1 1 1 1 1 1 1 1 0 1 1 1 0 1 0 0 1 0 1 0 0 0 1 1 1 1 0 0 0 0 1 0 0 1 1 0 0]"
27,0.9971978578953917,"[1 1 1 1 1 1 1 1 1 1 1 0 1 1 0 1 1 0 0 1 1 1 0 0 1 1 0 1 1 0 0 0 1 1 0 1 1 0 0 0]"
27,0.9975020442655764,"[1 1 1 1 1 1 1 1 1 1 1 0 1 1 1 1 1 0 0 1 1 1 0 0 0 1 1 0 1 0 0 0 0 1 0 0 1 0 0 0]"
27,0.9974972866256089,"[1 1 1 1 1 1 1 1 1 1 1 0 1 1 1 1 1 0 0 1 0 1 0 0 0 1 1 0 1 0 0 0 0 1 0 0 1 0 0 0]"
27,0.9973450529293818,"[1 1 1 1 1 1 1 1 1 1 1 0 1 1 1 0 1 0 0 1 0 1 0 0 0 1 1 0 1 0 0 0 0 1 0 0 1 0 0 0]"
27,0.9973450900932596,"[1 1 1 1 1 1 1 1 1 1 1 0 1 1 1 0 1 0 0 1 0 1 0 0 0 1 1 1 1 0 0 0 0 1 0 0 1 0 0 0]"
27,0.9994832567710873,"[1 1 1 1 1 1 1 1 1 1 1 1 1 1 0 0 1 0 0 1 1 1 0 0 1 1 0 1 1 0 0 0 1 1 0 1 1 0 0 0]"
27,0.9994832567710873,"[1 1 1 1 1 1 1 1 1 1 1 1 1 1 0 0 1 0 0 1 1 1 0 0 1 1 0 1 1 0 0 0 1 1 0 1 1 0 0 0]"
27,0.9994832567710873,"[1 1 1 1 1 1 1 1 1 1 1 1 1 1 0 0 1 0 0 1 1 1 0 0 1 1 0 1 1 0 0 0 1 1 0 1 1 0 0 0]"
27,0.9973450900932596,"[1 1 1 1 1 1 1 1 1 1 1 0 1 1 1 0 1 0 0 1 0 1 0 0 0 1 1 1 1 0 0 0 0 1 0 0 1 0 0 0]"
27,0.9973450900932596,"[1 1 1 1 1 1 1 1 1 1 1 0 1 1 1 0 1 0 0 1 0 1 0 0 0 1 1 1 1 0 0 0 0 1 0 0 1 0 0 0]"
27,0.9973450529293818,"[1 1 1 1 1 1 1 1 1 1 1 0 1 1 1 0 1 0 0 1 0 1 0 0 0 1 1 0 1 0 0 0 0 1 0 0 1 0 0 0]"
27,0.9975020442655764,"[1 1 1 1 1 1 1 1 1 1 1 0 1 1 1 1 1 0 0 1 1 1 0 0 0 1 1 0 1 0 0 0 0 1 0 0 1 0 0 0]"
27,0.9973450912546308,"[1 1 1 1 1 1 1 1 1 1 1 0 1 1 1 0 1 0 0 1 0 1 0 0 0 1 1 1 1 0 0 0 1 1 0 0 1 0 0 0]"
27,0.9973450529293818,"[1 1 1 1 1 1 1 1 1 1 1 0 1 1 1 0 1 0 0 1 0 1 0 0 0 1 1 0 1 0 0 0 0 1 0 0 1 0 0 0]"
27,0.9994832183718988,"[1 1 1 1 1 1 1 1 1 1 1 1 1 1 0 0 1 0 0 1 1 1 0 0 1 1 0 0 1 0 0 0 0 1 0 1 1 0 0 0]"
27,0.9974972866256089,"[1 1 1 1 1 1 1 1 1 1 1 0 1 1 1 1 1 0 0 1 0 1 0 0 0 1 1 0 1 0 0 0 0 1 0 0 1 0 0 0]"
27,0.9973498099158632,"[1 1 1 1 1 1 1 1 1 1 1 0 1 1 1 0 1 0 0 1 1 1 0 0 0 1 1 0 1 0 0 0 0 1 0 0 1 0 0 0]"
28,0.9973450901295524,"[1 1 1 1 1 1 1 1 1 1 1 0 1 1 1 0 1 0 0 1 0 1 0 0 0 1 1 1 1 0 0 0 0 1 0 0 1 1 0 0]"
28,0.9994832567710873,"[1 1 1 1 1 1 1 1 1 1 1 1 1 1 0 0 1 0 0 1 1 1 0 0 1 1 0 1 1 0 0 0 1 1 0 1 1 0 0 0]"
28,0.9975020442655764,"[1 1 1 1 1 1 1 1 1 1 1 0 1 1 1 1 1 0 0 1 1 1 0 0 0 1 1 0 1 0 0 0 0 1 0 0 1 0 0 0]"
28,0.9973498099158632,"[1 1 1 1 1 1 1 1 1 1 1 0 1 1 1 0 1 0 0 1 1 1 0 0 0 1 1 0 1 0 0 0 0 1 0 0 1 0 0 0]"
28,0.9994832567710873,"[1 1 1 1 1 1 1 1 1 1 1 1 1 1 0 0 1 0 0 1 1 1 0 0 1 1 0 1 1 0 0 0 1 1 0 1 1 0 0 0]"
28,0.9994832567710873,"[1 1 1 1 1 1 1 1 1 1 1 1 1 1 0 0 1 0 0 1 1 1 0 0 1 1 0 1 1 0 0 0 1 1 0 1 1 0 0 0]"
28,0.9994832567710873,"[1 1 1 1 1 1 1 1 1 1 1 1 1 1 0 0 1 0 0 1 1 1 0 0 1 1 0 1 1 0 0 0 1 1 0 1 1 0 0 0]"
28,0.9994832567710873,"[1 1 1 1 1 1 1 1 1 1 1 1 1 1 0 0 1 0 0 1 1 1 0 0 1 1 0 1 1 0 0 0 1 1 0 1 1 0 0 0]"
28,0.9973450900932596,"[1 1 1 1 1 1 1 1 1 1 1 0 1 1 1 0 1 0 0 1 0 1 0 0 0 1 1 1 1 0 0 0 0 1 0 0 1 0 0 0]"
28,0.9975020442655764,"[1 1 1 1 1 1 1 1 1 1 1 0 1 1 1 1 1 0 0 1 1 1 0 0 0 1 1 0 1 0 0 0 0 1 0 0 1 0 0 0]"
28,0.9994832567710873,"[1 1 1 1 1 1 1 1 1 1 1 1 1 1 0 0 1 0 0 1 1 1 0 0 1 1 0 1 1 0 0 0 1 1 0 1 1 0 0 0]"
28,0.9994832567710873,"[1 1 1 1 1 1 1 1 1 1 1 1 1 1 0 0 1 0 0 1 1 1 0 0 1 1 0 1 1 0 0 0 1 1 0 1 1 0 0 0]"
28,0.9994832567710873,"[1 1 1 1 1 1 1 1 1 1 1 1 1 1 0 0 1 0 0 1 1 1 0 0 1 1 0 1 1 0 0 0 1 1 0 1 1 0 0 0]"
28,0.9974972866256089,"[1 1 1 1 1 1 1 1 1 1 1 0 1 1 1 1 1 0 0 1 0 1 0 0 0 1 1 0 1 0 0 0 0 1 0 0 1 0 0 0]"
28,0.9994832567710873,"[1 1 1 1 1 1 1 1 1 1 1 1 1 1 0 0 1 0 0 1 1 1 0 0 1 1 0 1 1 0 0 0 1 1 0 1 1 0 0 0]"
28,0.9994832567710873,"[1 1 1 1 1 1 1 1 1 1 1 1 1 1 0 0 1 0 0 1 1 1 0 0 1 1 0 1 1 0 0 0 1 1 0 1 1 0 0 0]"
28,0.9994829587774197,"[1 1 1 1 1 1 1 1 1 1 1 1 1 1 0 0 1 0 0 1 1 1 0 0 0 1 0 1 1 0 0 0 1 1 0 0 1 1 0 0]"
28,0.9994784906274115,"[1 1 1 1 1 1 1 1 1 1 1 1 1 1 0 0 1 0 0 1 0 1 0 0 1 1 0 1 1 0 0 0 1 1 0 1 1 0 0 0]"
28,0.9975020442655764,"[1 1 1 1 1 1 1 1 1 1 1 0 1 1 1 1 1 0 0 1 1 1 0 0 0 1 1 0 1 0 0 0 0 1 0 0 1 0 0 0]"
28,0.9994832567710873,"[1 1 1 1 1 1 1 1 1 1 1 1 1 1 0 0 1 0 0 1 1 1 0 0 1 1 0 1 1 0 0 0 1 1 0 1 1 0 0 0]"
28,0.9973450912546308,"[1 1 1 1 1 1 1 1 1 1 1 0 1 1 1 0 1 0 0 1 0 1 0 0 0 1 1 1 1 0 0 0 1 1 0 0 1 0 0 0]"
28,0.9994832567710873,"[1 1 1 1 1 1 1 1 1 1 1 1 1 1 0 0 1 0 0 1 1 1 0 0 1 1 0 1 1 0 0 0 1 1 0 1 1 0 0 0]"
28,0.9994832567710873,"[1 1 1 1 1 1 1 1 1 1 1 1 1 1 0 0 1 0 0 1 1 1 0 0 1 1 0 1 1 0 0 0 1 1 0 1 1 0 0 0]"
28,0.9973450529293818,"[1 1 1 1 1 1 1 1 1 1 1 0 1 1 1 0 1 0 0 1 0 1 0 0 0 1 1 0 1 0 0 0 0 1 0 0 1 0 0 0]"
28,0.9996309788214203,"[1 1 1 1 1 1 1 1 1 1 1 1 1 1 0 1 1 0 0 1 0 1 0 0 1 1 0 0 1 0 0 0 0 1 0 0 1 0 0 0]"
28,0.9973498100610353,"[1 1 1 1 1 1 1 1 1 1 1 0 1 1 1 0 1 0 0 1 1 1 0 0 0 1 1 0 1 0 0 0 0 1 0 1 1 0 0 0]"
28,0.9994832556074755,"[1 1 1 1 1 1 1 1 1 1 1 1 1 1 0 0 1 0 0 1 1 1 0 0 1 1 0 1 1 0 0 0 0 1 0 1 1 0 0 0]"
28,0.9994832195355106,"[1 1 1 1 1 1 1 1 1 1 1 1 1 1 0 0 1 0 0 1 1 1 0 0 1 1 0 0 1 0 0 0 1 1 0 1 1 0 0 0]"
28,0.9994832567710873,"[1 1 1 1 1 1 1 1 1 1 1 1 1 1 0 0 1 0 0 1 1 1 0 0 1 1 0 1 1 0 0 0 1 1 0 1 1 0 0 0]"
28,0.9975020442655764,"[1 1 1 1 1 1 1 1 1 1 1 0 1 1 1 1 1 0 0 1 1 1 0 0 0 1 1 0 1 0 0 0 0 1 0 0 1 0 0 0]"
28,0.9994832567710873,"[1 1 1 1 1 1 1 1 1 1 1 1 1 1 0 0 1 0 0 1 1 1 0 0 1 1 0 1 1 0 0 0 1 1 0 1 1 0 0 0]"
28,0.9994832567710873,"[1 1 1 1 1 1 1 1 1 1 1 1 1 1 0 0 1 0 0 1 1 1 0 0 1 1 0 1 1 0 0 0 1 1 0 1 1 0 0 0]"
28,0.9975020442655764,"[1 1 1 1 1 1 1 1 1 1 1 0 1 1 1 1 1 0 0 1 1 1 0 0 0 1 1 0 1 0 0 0 0 1 0 0 1 0 0 0]"
28,0.9994832567710873,"[1 1 1 1 1 1 1 1 1 1 1 1 1 1 0 0 1 0 0 1 1 1 0 0 1 1 0 1 1 0 0 0 1 1 0 1 1 0 0 0]"
28,0.9994832195355106,"[1 1 1 1 1 1 1 1 1 1 1 1 1 1 0 0 1 0 0 1 1 1 0 0 1 1 0 0 1 0 0 0 1 1 0 1 1 0 0 0]"
28,0.9973450900932596,"[1 1 1 1 1 1 1 1 1 1 1 0 1 1 1 0 1 0 0 1 0 1 0 0 0 1 1 1 1 0 0 0 0 1 0 0 1 0 0 0]"
28,0.9994832567710873,"[1 1 1 1 1 1 1 1 1 1 1 1 1 1 0 0 1 0 0 1 1 1 0 0 1 1 0 1 1 0 0 0 1 1 0 1 1 0 0 0]"
28,0.9974973239397834,"[1 1 1 1 1 1 1 1 1 1 1 0 1 1 1 1 1 0 0 1 0 1 0 0 0 1 1 1 1 0 0 0 0 1 0 1 1 0 0 0]"
28,0.9975020442655764,"[1 1 1 1 1 1 1 1 1 1 1 0 1 1 1 1 1 0 0 1 1 1 0 0 0 1 1 0 1 0 0 0 0 1 0 0 1 0 0 0]"
28,0.9994832183718988,"[1 1 1 1 1 1 1 1 1 1 1 1 1 1 0 0 1 0 0 1 1 1 0 0 1 1 0 0 1 0 0 0 0 1 0 1 1 0 0 0]"
28,0.9973450900932596,"[1 1 1 1 1 1 1 1 1 1 1 0 1 1 1 0 1 0 0 1 0 1 0 0 0 1 1 1 1 0 0 0 0 1 0 0 1 0 0 0]"
28,0.9994832567710873,"[1 1 1 1 1 1 1 1 1 1 1 1 1 1 0 0 1 0 0 1 1 1 0 0 1 1 0 1 1 0 0 0 1 1 0 1 1 0 0 0]"
28,0.99719287860853,"[1 1 1 1 1 1 1 1 1 1 1 0 1 1 0 1 1 0 0 1 0 1 0 0 0 1 1 1 1 0 0 0 1 1 0 1 1 0 0 0]"
28,0.9997883313525707,"[1 1 1 1 1 1 1 1 1 1 1 1 1 1 1 0 1 0 0 1 1 1 0 0 1 1 0 1 1 0 0 0 0 1 0 1 1 0 0 0]"
28,0.9994832567710873,"[1 1 1 1 1 1 1 1 1 1 1 1 1 1 0 0 1 0 0 1 1 1 0 0 1 1 0 1 1 0 0 0 1 1 0 1 1 0 0 0]"
28,0.9994832567710873,"[1 1 1 1 1 1 1 1 1 1 1 1 1 1 0 0 1 0 0 1 1 1 0 0 1 1 0 1 1 0 0 0 1 1 0 1 1 0 0 0]"
28,0.9994781926350228,"[1 1 1 1 1 1 1 1 1 1 1 1 1 1 0 0 1 0 0 1 0 1 0 0 0 1 0 1 1 0 0 0 1 1 0 0 1 1 0 0]"
28,0.9994832567710873,"[1 1 1 1 1 1 1 1 1 1 1 1 1 1 0 0 1 0 0 1 1 1 0 0 1 1 0 1 1 0 0 0 1 1 0 1 1 0 0 0]"
28,0.9973450900932596,"[1 1 1 1 1 1 1 1 1 1 1 0 1 1 1 0 1 0 0 1 0 1 0 0 0 1 1 1 1 0 0 0 0 1 0 0 1 0 0 0]"
28,0.9973450912546308,"[1 1 1 1 1 1 1 1 1 1 1 0 1 1 1 0 1 0 0 1 0 1 0 0 0 1 1 1 1 0 0 0 1 1 0 0 1 0 0 0]"
29,0.9994832567710873,"[1 1 1 1 1 1 1 1 1 1 1 1 1 1 0 0 1 0 0 1 1 1 0 0 1 1 0 1 1 0 0 0 1 1 0 1 1 0 0 0]"
29,0.9994832556074755,"[1 1 1 1 1 1 1 1 1 1 1 1 1 1 0 0 1 0 0 1 1 1 0 0 1 1 0 1 1 0 0 0 0 1 0 1 1 0 0 0]"
29,0.9994832567710873,"[1 1 1 1 1 1 1 1 1 1 1 1 1 1 0 0 1 0 0 1 1 1 0 0 1 1 0 1 1 0 0 0 1 1 0 1 1 0 0 0]"
29,0.9994832567710873,"[1 1 1 1 1 1 1 1 1 1 1 1 1 1 0 0 1 0 0 1 1 1 0 0 1 1 0 1 1 0 0 0 1 1 0 1 1 0 0 0]"
29,0.9994832567710873,"[1 1 1 1 1 1 1 1 1 1 1 1 1 1 0 0 1 0 0 1 1 1 0 0 1 1 0 1 1 0 0 0 1 1 0 1 1 0 0 0]"
29,0.9994832567710873,"[1 1 1 1 1 1 1 1 1 1 1 1 1 1 0 0 1 0 0 1 1 1 0 0 1 1 0 1 1 0 0 0 1 1 0 1 1 0 0 0]"
29,0.9970454039448403,"[1 1 1 1 1 1 1 1 1 1 1 0 1 1 0 0 1 0 0 1 1 1 0 0 0 1 1 0 1 0 0 0 0 1 0 0 1 0 0 0]"
29,0.9999409018147452,"[1 1 1 1 1 1 1 1 1 1 1 1 1 1 1 1 1 0 0 1 1 1 0 0 1 1 0 1 1 0 0 0 1 1 0 1 1 0 0 0]"
29,0.9994829587774197,"[1 1 1 1 1 1 1 1 1 1 1 1 1 1 0 0 1 0 0 1 1 1 0 0 0 1 0 1 1 0 0 0 1 1 0 0 1 1 0 0]"
29,0.9994832567710873,"[1 1 1 1 1 1 1 1 1 1 1 1 1 1 0 0 1 0 0 1 1 1 0 0 1 1 0 1 1 0 0 0 1 1 0 1 1 0 0 0]"
29,0.9970454039448403,"[1 1 1 1 1 1 1 1 1 1 1 0 1 1 0 0 1 0 0 1 1 1 0 0 0 1 1 0 1 0 0 0 0 1 0 0 1 0 0 0]"
29,0.9999409018147452,"[1 1 1 1 1 1 1 1 1 1 1 1 1 1 1 1 1 0 0 1 1 1 0 0 1 1 0 1 1 0 0 0 1 1 0 1 1 0 0 0]"
29,0.9994832567710873,"[1 1 1 1 1 1 1 1 1 1 1 1 1 1 0 0 1 0 0 1 1 1 0 0 1 1 0 1 1 0 0 0 1 1 0 1 1 0 0 0]"
29,0.9994832567710873,"[1 1 1 1 1 1 1 1 1 1 1 1 1 1 0 0 1 0 0 1 1 1 0 0 1 1 0 1 1 0 0 0 1 1 0 1 1 0 0 0]"
29,0.9973453875494979,"[1 1 1 1 1 1 1 1 1 1 1 0 1 1 1 0 1 0 0 1 0 1 0 0 1 1 1 1 1 0 0 0 0 1 0 1 1 0 0 0]"
29,0.9996354862439768,"[1 1 1 1 1 1 1 1 1 1 1 1 1 1 0 1 1 0 0 1 1 1 0 0 0 1 0 1 1 0 0 0 1 1 0 1 1 0 0 0]"
29,0.9994832567710873,"[1 1 1 1 1 1 1 1 1 1 1 1 1 1 0 0 1 0 0 1 1 1 0 0 1 1 0 1 1 0 0 0 1 1 0 1 1 0 0 0]"
29,0.9994832567710873,"[1 1 1 1 1 1 1 1 1 1 1 1 1 1 0 0 1 0 0 1 1 1 0 0 1 1 0 1 1 0 0 0 1 1 0 1 1 0 0 0]"
29,0.9994832567710873,"[1 1 1 1 1 1 1 1 1 1 1 1 1 1 0 0 1 0 0 1 1 1 0 0 1 1 0 1 1 0 0 0 1 1 0 1 1 0 0 0]"
29,0.9994832567710873,"[1 1 1 1 1 1 1 1 1 1 1 1 1 1 0 0 1 0 0 1 1 1 0 0 1 1 0 1 1 0 0 0 1 1 0 1 1 0 0 0]"
29,0.9994832567710873,"[1 1 1 1 1 1 1 1 1 1 1 1 1 1 0 0 1 0 0 1 1 1 0 0 1 1 0 1 1 0 0 0 1 1 0 1 1 0 0 0]"
29,0.9994832567710873,"[1 1 1 1 1 1 1 1 1 1 1 1 1 1 0 0 1 0 0 1 1 1 0 0 1 1 0 1 1 0 0 0 1 1 0 1 1 0 0 0]"
29,0.9994832567710873,"[1 1 1 1 1 1 1 1 1 1 1 1 1 1 0 0 1 0 0 1 1 1 0 0 1 1 0 1 1 0 0 0 1 1 0 1 1 0 0 0]"
29,0.9994832567710873,"[1 1 1 1 1 1 1 1 1 1 1 1 1 1 0 0 1 0 0 1 1 1 0 0 1 1 0 1 1 0 0 0 1 1 0 1 1 0 0 0]"
29,0.9994832195355106,"[1 1 1 1 1 1 1 1 1 1 1 1 1 1 0 0 1 0 0 1 1 1 0 0 1 1 0 0 1 0 0 0 1 1 0 1 1 0 0 0]"
29,0.9997883313525707,"[1 1 1 1 1 1 1 1 1 1 1 1 1 1 1 0 1 0 0 1 1 1 0 0 1 1 0 1 1 0 0 0 0 1 0 1 1 0 0 0]"
29,0.9973450900932596,"[1 1 1 1 1 1 1 1 1 1 1 0 1 1 1 0 1 0 0 1 0 1 0 0 0 1 1 1 1 0 0 0 0 1 0 0 1 0 0 0]"
29,0.9996309788214203,"[1 1 1 1 1 1 1 1 1 1 1 1 1 1 0 1 1 0 0 1 0 1 0 0 1 1 0 0 1 0 0 0 0 1 0 0 1 0 0 0]"
29,0.9973498100610353,"[1 1 1 1 1 1 1 1 1 1 1 0 1 1 1 0 1 0 0 1 1 1 0 0 0 1 1 0 1 0 0 0 0 1 0 1 1 0 0 0]"
29,0.9994832567710873,"[1 1 1 1 1 1 1 1 1 1 1 1 1 1 0 0 1 0 0 1 1 1 0 0 1 1 0 1 1 0 0 0 1 1 0 1 1 0 0 0]"
29,0.9996309788214203,"[1 1 1 1 1 1 1 1 1 1 1 1 1 1 0 1 1 0 0 1 0 1 0 0 1 1 0 0 1 0 0 0 0 1 0 0 1 0 0 0]"
29,0.9996309788214203,"[1 1 1 1 1 1 1 1 1 1 1 1 1 1 0 1 1 0 0 1 0 1 0 0 1 1 0 0 1 0 0 0 0 1 0 0 1 0 0 0]"
29,0.9994832567710873,"[1 1 1 1 1 1 1 1 1 1 1 1 1 1 0 0 1 0 0 1 1 1 0 0 1 1 0 1 1 0 0 0 1 1 0 1 1 0 0 0]"
29,0.9994832195355106,"[1 1 1 1 1 1 1 1 1 1 1 1 1 1 0 0 1 0 0 1 1 1 0 0 1 1 0 0 1 0 0 0 1 1 0 1 1 0 0 0]"
29,0.9994784906274115,"[1 1 1 1 1 1 1 1 1 1 1 1 1 1 0 0 1 0 0 1 0 1 0 0 1 1 0 1 1 0 0 0 1 1 0 1 1 0 0 0]"
29,0.9997883313525707,"[1 1 1 1 1 1 1 1 1 1 1 1 1 1 1 0 1 0 0 1 1 1 0 0 1 1 0 1 1 0 0 0 0 1 0 1 1 0 0 0]"
29,0.9975020442655764,"[1 1 1 1 1 1 1 1 1 1 1 0 1 1 1 1 1 0 0 1 1 1 0 0 0 1 1 0 1 0 0 0 0 1 0 0 1 0 0 0]"
29,0.9975020442655764,"[1 1 1 1 1 1 1 1 1 1 1 0 1 1 1 1 1 0 0 1 1 1 0 0 0 1 1 0 1 0 0 0 0 1 0 0 1 0 0 0]"
29,0.9994832567710873,"[1 1 1 1 1 1 1 1 1 1 1 1 1 1 0 0 1 0 0 1 1 1 0 0 1 1 0 1 1 0 0 0 1 1 0 1 1 0 0 0]"
29,0.9994832567710873,"[1 1 1 1 1 1 1 1 1 1 1 1 1 1 0 0 1 0 0 1 1 1 0 0 1 1 0 1 1 0 0 0 1 1 0 1 1 0 0 0]"
29,0.9994832567710873,"[1 1 1 1 1 1 1 1 1 1 1 1 1 1 0 0 1 0 0 1 1 1 0 0 1 1 0 1 1 0 0 0 1 1 0 1 1 0 0 0]"
29,0.9994832567710873,"[1 1 1 1 1 1 1 1 1 1 1 1 1 1 0 0 1 0 0 1 1 1 0 0 1 1 0 1 1 0 0 0 1 1 0 1 1 0 0 0]"
29,0.9994832567710873,"[1 1 1 1 1 1 1 1 1 1 1 1 1 1 0 0 1 0 0 1 1 1 0 0 1 1 0 1 1 0 0 0 1 1 0 1 1 0 0 0]"
29,0.9994832567710873,"[1 1 1 1 1 1 1 1 1 1 1 1 1 1 0 0 1 0 0 1 1 1 0 0 1 1 0 1 1 0 0 0 1 1 0 1 1 0 0 0]"
29,0.9994832567710873,"[1 1 1 1 1 1 1 1 1 1 1 1 1 1 0 0 1 0 0 1 1 1 0 0 1 1 0 1 1 0 0 0 1 1 0 1 1 0 0 0]"
29,0.9994832567710873,"[1 1 1 1 1 1 1 1 1 1 1 1 1 1 0 0 1 0 0 1 1 1 0 0 1 1 0 1 1 0 0 0 1 1 0 1 1 0 0 0]"
29,0.9994832567710873,"[1 1 1 1 1 1 1 1 1 1 1 1 1 1 0 0 1 0 0 1 1 1 0 0 1 1 0 1 1 0 0 0 1 1 0 1 1 0 0 0]"
29,0.9994832567710873,"[1 1 1 1 1 1 1 1 1 1 1 1 1 1 0 0 1 0 0 1 1 1 0 0 1 1 0 1 1 0 0 0 1 1 0 1 1 0 0 0]"
29,0.9994832567710873,"[1 1 1 1 1 1 1 1 1 1 1 1 1 1 0 0 1 0 0 1 1 1 0 0 1 1 0 1 1 0 0 0 1 1 0 1 1 0 0 0]"
29,0.9994784906274115,"[1 1 1 1 1 1 1 1 1 1 1 1 1 1 0 0 1 0 0 1 0 1 0 0 1 1 0 1 1 0 0 0 1 1 0 1 1 0 0 0]"
